-0.0120498 -0.00992122
-0.0124576 -0.00217843
-0.00808075 -0.0127881
-0.013122 -0.0125855
-0.0155455 -0.00744169
-0.0138463 -0.00425322
-0.0177841 0.00839
-0.0157255 0.0205668
-0.0149174 0.0211349
-0.0168253 0.0138233
-0.0225563 0.0304743
-0.0102077 0.0379839
0.0185029 0.0249902
0.0327383 -0.0118073
0.0373638 -0.0513133
0.0318387 -0.0896503
0.0235743 -0.123287
0.0115876 -0.149716
-0.000829225 -0.16769
-0.00778395 -0.177882
-0.00869436 -0.183526
-0.00764127 -0.19038
-0.0104327 -0.198247
-0.0179979 -0.202371
-0.0205001 -0.205505
-0.01362 -0.216693
-0.00360546 -0.232872
0.00280784 -0.244864
0.0029979 -0.251788
-0.000124738 -0.25661
-0.00336398 -0.258724
-0.00606582 -0.257268
-0.00826568 -0.253028
-0.00993179 -0.246827
-0.0105172 -0.238216
-0.00773862 -0.228466
-0.00207011 -0.227
0.0046041 -0.244627
0.0202191 -0.278343
0.0312036 -0.314442
0.0179514 -0.326942
-0.00695246 -0.313941
-0.00946186 -0.314479
-0.000304548 -0.316467
0.000720231 -0.289211
0.00403936 -0.270799
-0.0281454 -0.246847
-0.0202544 -0.19374
0.0132097 -0.196873
0.015112 -0.183569
-0.0179849 -0.187044
0.00298767 -0.195508
-0.00451116 -0.143074
0.000994572 -0.14558
-0.00868567 -0.15816
-0.00519652 -0.126987
0.0114399 -0.131217
-0.00288366 -0.11225
0.00304738 -0.086786
0.00766519 -0.0897483
-0.00172226 -0.0949361
-0.00641611 -0.07835
-0.00409037 -0.0747872
-0.00824826 -0.0713583
-0.00233071 -0.0171426
-0.000692739 -0.00603299
-0.0074698 -0.0146866
-0.0113433 -0.0125447
-0.0102948 -0.0185454
-0.0156185 -0.01555
-0.0198068 -0.0219215
-0.0213995 -0.0164493
-0.0245369 -0.0244484
-0.0345986 -0.0295355
-0.0431638 -0.0336601
-0.0128624 -0.0788109
-0.0180519 -0.0975468
-0.0405053 -0.0808753
-0.0338844 -0.0834612
-0.00917151 -0.0777824
0.0468551 -0.0834337
0.126426 -0.105272
0.203903 -0.131256
0.23589 -0.153767
0.220993 -0.172722
0.171404 -0.190292
0.115425 -0.20711
0.0709737 -0.222261
0.0424057 -0.236498
0.0276686 -0.251625
0.0231127 -0.270709
0.0242906 -0.294256
0.027775 -0.321746
0.032015 -0.356237
0.0359161 -0.397683
0.0377757 -0.435573
0.03628 -0.460378
0.0301552 -0.472119
0.0221743 -0.479002
0.0176885 -0.486194
0.016096 -0.492629
0.0152233 -0.497292
0.0139719 -0.501078
0.012421 -0.505056
0.0105757 -0.509114
0.00793539 -0.512734
0.00434656 -0.515916
0.000224641 -0.518849
-0.00338877 -0.521129
-0.00485207 -0.522405
-0.00269454 -0.524356
0.00675673 -0.52875
0.0300561 -0.532316
0.0723814 -0.532623
0.110377 -0.541628
0.0838399 -0.599236
0.0508415 -0.614434
0.0060619 -0.584193
-0.0028664 -0.466872
-0.03639 -0.4354
-0.0438543 -0.384563
-0.010175 -0.353212
-0.0306225 -0.261045
0.00311299 -0.218782
-0.02866 -0.209853
-0.00126349 -0.18338
-0.00476307 -0.198513
-0.0391506 -0.160486
0.00396339 -0.101813
-0.00390728 -0.0972393
-0.00473273 -0.0874225
-0.00542046 -0.044907
-0.0106738 -0.0131126
-0.0125256 -0.0102337
-0.0164766 -0.0238544
-0.0167939 -0.0254709
-0.0180021 -0.0362559
-0.0235115 -0.0495505
-0.0286156 -0.0574813
-0.0244634 -0.0621506
-0.0161901 -0.0871893
-0.00998424 -0.140295
0.0684766 -0.165519
0.0646446 -0.182887
0.028389 -0.182834
0.00217583 -0.200402
-0.0107207 -0.205301
-0.0524115 -0.197841
-0.0774794 -0.175082
-0.0584253 -0.188565
0.0037946 -0.256273
0.127348 -0.339435
0.31326 -0.381645
0.36476 -0.398127
0.321281 -0.409009
0.206126 -0.442284
0.14367 -0.480081
0.116439 -0.49956
0.111937 -0.497576
0.114627 -0.489108
0.116146 -0.488206
0.111534 -0.498004
0.0963551 -0.511592
0.0743184 -0.51969
0.060258 -0.519704
0.0715114 -0.522945
0.117958 -0.553083
0.181772 -0.616185
0.247561 -0.701179
0.316392 -0.797613
0.389853 -0.884357
0.469497 -0.948588
0.541233 -0.985919
0.584749 -1.00309
0.597394 -1.00902
0.582506 -1.01158
0.551426 -1.01685
0.511763 -1.02673
0.468842 -1.04165
0.428823 -1.05722
0.394643 -1.0683
0.371153 -1.07243
0.359626 -1.07246
0.342208 -1.0625
0.292566 -1.035
0.230139 -1.00258
0.187911 -1.0001
0.0841103 -0.87164
0.0749454 -0.885405
-0.0127144 -0.616971
-0.0505072 -0.455789
-0.0512907 -0.376872
-0.0441658 -0.311017
-0.00884396 -0.225852
0.00205094 -0.190347
-0.0263605 -0.188158
0.0016193 -0.0967201
-0.00716966 -0.105623
-0.0120624 -0.0107028
-0.0110751 -0.0190228
-0.0138393 -0.0246721
-0.00813751 -0.034275
-0.0125581 -0.0446828
-0.0126195 -0.0534949
-0.00709613 -0.0622793
0.002394 -0.0875548
0.0419557 -0.128723
0.0706971 -0.134475
0.0922719 -0.161364
0.153856 -0.159603
0.134513 -0.167604
0.113986 -0.191078
0.0961522 -0.193292
0.0741232 -0.195258
0.0432773 -0.208453
-0.016647 -0.215809
-0.0512412 -0.221703
-0.0502302 -0.236864
-0.00573021 -0.2411
0.0602414 -0.249596
0.106408 -0.305206
0.176006 -0.382428
0.344408 -0.42173
0.398002 -0.431883
0.376188 -0.44337
0.274415 -0.484318
0.21891 -0.526137
0.178267 -0.546891
0.138499 -0.557751
0.098768 -0.571091
0.0623594 -0.582893
0.0304448 -0.588676
0.0100168 -0.588946
0.0118086 -0.590232
0.0411249 -0.601933
0.0970628 -0.632191
0.167518 -0.677678
0.242523 -0.727699
0.310919 -0.772184
0.366744 -0.810217
0.412362 -0.847371
0.455454 -0.886991
0.502654 -0.927382
0.553847 -0.964113
0.600852 -0.992238
0.629157 -1.00785
0.632894 -1.01361
0.612888 -1.01541
0.576242 -1.01966
0.531753 -1.03236
0.486504 -1.06183
0.440499 -1.09799
0.379721 -1.13676
0.337795 -1.13955
0.307052 -1.13302
0.266693 -1.14571
0.248337 -1.15017
0.138921 -1.06658
0.0315518 -0.944195
-0.0951522 -0.58486
-0.0648443 -0.347722
-0.00408127 -0.231786
0.00091641 -0.199342
-0.0353562 -0.103764
-0.00585644 -0.0106956
-0.00935249 -0.0120481
-0.00623213 -0.0237451
-0.00302769 -0.0391493
-0.00220343 -0.0453065
0.00550732 -0.0544667
0.00768995 -0.0801438
0.0424881 -0.111618
0.0920231 -0.113659
0.11103 -0.144564
0.171519 -0.136816
0.167672 -0.141042
0.222296 -0.145372
0.22273 -0.154666
0.177415 -0.170173
0.18512 -0.173764
0.15935 -0.184458
0.132825 -0.194406
0.105526 -0.201461
0.0780961 -0.217418
0.0201006 -0.240722
-0.0472853 -0.243514
-0.0398412 -0.258892
0.0369922 -0.288583
0.138509 -0.32562
0.186321 -0.350515
0.225699 -0.381731
0.319077 -0.415968
0.415338 -0.421266
0.4284 -0.43134
0.372535 -0.451078
0.295141 -0.49021
0.237585 -0.524623
0.182293 -0.55296
0.12579 -0.57855
0.0754353 -0.596358
0.0410134 -0.604782
0.0339033 -0.609121
0.0596508 -0.619293
0.112035 -0.642805
0.178328 -0.679379
0.24393 -0.722011
0.301937 -0.762866
0.353488 -0.798186
0.401763 -0.82847
0.448048 -0.855917
0.491672 -0.885897
0.532311 -0.926493
0.574332 -0.981357
0.629387 -1.04174
0.707653 -1.09797
0.794065 -1.13716
0.832428 -1.15348
0.836775 -1.16698
0.812882 -1.17787
0.762315 -1.1874
0.724375 -1.19049
0.71238 -1.21016
0.682768 -1.24467
0.729701 -1.26488
0.327196 -1.17261
0.242535 -1.18297
0.0751722 -1.06788
-0.053316 -0.603608
-0.0584717 -0.336554
-0.0190938 -0.235288
-0.00905658 -0.0090069
-0.00247612 -0.0153668
0.00107592 -0.0239234
0.010482 -0.0384705
0.0163244 -0.0447155
0.0295467 -0.0704937
0.0597313 -0.0799379
0.0821572 -0.09815
0.127992 -0.109552
0.158642 -0.120838
0.201364 -0.135269
0.241494 -0.109914
0.316052 -0.129787
0.326348 -0.140813
0.282757 -0.161075
0.285765 -0.163498
0.269129 -0.169655
0.246713 -0.186825
0.2317 -0.196305
0.190838 -0.212064
0.166631 -0.21562
0.158215 -0.218091
0.124913 -0.249116
0.0274394 -0.272131
0.0124055 -0.288029
0.0693597 -0.308551
0.179579 -0.341426
0.232161 -0.367596
0.262615 -0.376399
0.307204 -0.401164
0.404717 -0.420545
0.461459 -0.425781
0.456479 -0.437754
0.389409 -0.460909
0.321254 -0.498221
0.262514 -0.533383
0.199184 -0.564517
0.134664 -0.587178
0.0945352 -0.59767
0.0978095 -0.606587
0.140635 -0.624085
0.211024 -0.656948
0.282819 -0.700542
0.342187 -0.743458
0.393067 -0.780286
0.443083 -0.811513
0.495308 -0.840502
0.550054 -0.8679
0.605623 -0.892738
0.656434 -0.919341
0.701617 -0.954521
0.751342 -0.996518
0.815257 -1.03811
0.881558 -1.06948
0.909294 -1.08258
0.902951 -1.09321
0.882055 -1.09984
0.823875 -1.10624
0.814399 -1.11645
0.820195 -1.15793
0.771511 -1.22532
0.742892 -1.27704
0.693475 -1.23331
0.314684 -1.17353
0.0259887 -1.01429
-0.088222 -0.545321
-0.0020603 -0.0112687
0.00578316 -0.0147509
0.00744145 -0.0298577
0.0194365 -0.0388417
0.0301049 -0.055772
0.0657657 -0.0668325
0.0910717 -0.0743461
0.137429 -0.11092
0.18022 -0.0990058
0.243282 -0.0943717
0.253085 -0.120861
0.331057 -0.111285
0.346822 -0.109904
0.410582 -0.123365
0.405216 -0.127152
0.35288 -0.142526
0.386725 -0.150222
0.356405 -0.16606
0.337332 -0.176693
0.307073 -0.188713
0.293236 -0.206515
0.277037 -0.221221
0.237957 -0.229632
0.221563 -0.236601
0.216997 -0.263719
0.135277 -0.295017
0.094601 -0.308431
0.133155 -0.320726
0.247697 -0.344017
0.290692 -0.374484
0.315364 -0.378914
0.352104 -0.396793
0.431769 -0.420422
0.508366 -0.425532
0.515917 -0.436436
0.463957 -0.454687
0.390338 -0.493604
0.328239 -0.534641
0.256268 -0.56887
0.190375 -0.585422
0.179956 -0.59531
0.214019 -0.612282
0.292562 -0.644556
0.373523 -0.692329
0.433965 -0.7367
0.484239 -0.771102
0.536132 -0.796395
0.589483 -0.818279
0.640703 -0.83841
0.690427 -0.857873
0.736778 -0.882031
0.779554 -0.916303
0.827382 -0.958354
0.889102 -1.00143
0.9559 -1.03747
0.993113 -1.05552
0.993842 -1.0664
0.974568 -1.07327
0.933646 -1.07513
0.891251 -1.07624
0.884828 -1.11192
0.889189 -1.13802
0.876531 -1.16335
0.775035 -1.23391
0.683427 -1.2366
0.281135 -1.17243
-0.000358938 -0.0137208
0.0246918 -0.0116703
0.0370435 -0.0259699
0.0390548 -0.0432605
0.0765417 -0.0448596
0.108974 -0.0871636
0.165779 -0.0585925
0.189803 -0.0923842
0.241199 -0.0802541
0.28839 -0.0903049
0.329642 -0.0905238
0.396573 -0.0938897
0.411878 -0.089346
0.507472 -0.113681
0.485069 -0.117735
0.459614 -0.126712
0.48757 -0.138435
0.474339 -0.153187
0.451449 -0.165908
0.428499 -0.174861
0.401215 -0.193374
0.383179 -0.2019
0.36216 -0.203919
0.337462 -0.225236
0.31111 -0.243543
0.289408 -0.242467
0.294555 -0.260978
0.236059 -0.300027
0.174002 -0.319096
0.199801 -0.331804
0.311212 -0.345722
0.350052 -0.374176
0.370562 -0.373821
0.403567 -0.387084
0.474182 -0.416577
0.564137 -0.42504
0.582138 -0.434283
0.542003 -0.448825
0.465699 -0.491662
0.393512 -0.540657
0.306713 -0.57319
0.274953 -0.582468
0.298353 -0.599882
0.382161 -0.627177
0.475806 -0.681048
0.531856 -0.727481
0.575207 -0.757681
0.626662 -0.776013
0.680149 -0.795339
0.726791 -0.814923
0.772549 -0.831568
0.816529 -0.852791
0.855427 -0.886631
0.898017 -0.930515
0.954263 -0.977735
1.01776 -1.02108
1.0621 -1.0495
1.07597 -1.06276
1.07202 -1.06284
1.04331 -1.06161
1.0034 -1.07421
0.968585 -1.10339
0.956758 -1.14548
0.941912 -1.14215
0.88298 -1.15583
0.794366 -1.22586
0.00798848 -0.0120482
0.0304787 -0.0209092
0.0638079 -0.0274157
0.0830415 -0.0488128
0.128847 -0.0432335
0.156606 -0.0607545
0.197821 -0.0727426
0.244716 -0.0734437
0.277671 -0.0765173
0.342587 -0.0675431
0.425081 -0.0839844
0.488636 -0.113975
0.473363 -0.0943184
0.577493 -0.09453
0.563256 -0.102746
0.539541 -0.133089
0.575894 -0.140541
0.570793 -0.146366
0.54976 -0.165176
0.550628 -0.158145
0.520509 -0.1769
0.504019 -0.191545
0.475592 -0.202502
0.443186 -0.220684
0.425748 -0.2324
0.414057 -0.246107
0.380666 -0.260089
0.354577 -0.25114
0.363516 -0.268337
0.311032 -0.30681
0.247944 -0.325055
0.275598 -0.333101
0.387182 -0.346604
0.413131 -0.376036
0.430112 -0.372422
0.471909 -0.389996
0.55811 -0.421556
0.643204 -0.429746
0.657339 -0.436917
0.610357 -0.459867
0.522365 -0.518048
0.41192 -0.56826
0.377503 -0.578608
0.399211 -0.598725
0.507533 -0.627736
0.601006 -0.692378
0.635831 -0.738729
0.665603 -0.758816
0.720649 -0.765205
0.77636 -0.785733
0.817808 -0.811667
0.861125 -0.836851
0.907872 -0.870241
0.953467 -0.91664
1.00556 -0.969516
1.06841 -1.01927
1.12999 -1.05843
1.16796 -1.08023
1.1711 -1.09148
1.15581 -1.09345
1.12194 -1.089
1.07918 -1.09282
1.05638 -1.13591
1.0674 -1.15906
0.961806 -1.12491
0.945937 -1.14551
0.0196379 -0.0141489
0.0567955 -0.0182446
0.0849909 -0.0271705
0.11477 -0.0415444
0.158049 -0.0485648
0.203109 -0.0450392
0.223888 -0.0633794
0.292654 -0.0526431
0.366351 -0.0699652
0.409903 -0.0770637
0.499639 -0.0837428
0.557232 -0.100634
0.55601 -0.0638492
0.649109 -0.0675145
0.638604 -0.070561
0.609028 -0.114756
0.645124 -0.109301
0.652173 -0.111653
0.636091 -0.14041
0.647838 -0.139613
0.6191 -0.154368
0.614131 -0.174757
0.602745 -0.187278
0.576468 -0.202026
0.55788 -0.220833
0.532307 -0.234211
0.50437 -0.249021
0.487426 -0.268957
0.451288 -0.287075
0.4177 -0.271417
0.434508 -0.282576
0.383605 -0.318946
0.312998 -0.334746
0.338381 -0.344365
0.451122 -0.359558
0.468707 -0.388938
0.486233 -0.389515
0.543212 -0.412857
0.653268 -0.444626
0.720612 -0.45201
0.715704 -0.470394
0.644531 -0.510059
0.50204 -0.554696
0.492475 -0.571168
0.521406 -0.592128
0.676228 -0.642715
0.732134 -0.709508
0.744908 -0.754427
0.780912 -0.759268
0.855785 -0.768777
0.912731 -0.805476
0.952295 -0.842515
1.00226 -0.877536
1.05853 -0.92223
1.11419 -0.972206
1.16933 -1.01429
1.21417 -1.04253
1.23923 -1.06022
1.23778 -1.06986
1.22172 -1.07058
1.19527 -1.06678
1.1561 -1.07148
1.1208 -1.10286
1.1215 -1.12838
1.10903 -1.14131
1.05219 -1.14674
0.0222419 -0.0126934
0.0606578 -0.0275015
0.102703 -0.0168936
0.142372 -0.0461028
0.176713 -0.0497622
0.246757 -0.0333465
0.284564 -0.0269387
0.333146 -0.068577
0.40316 -0.0945583
0.474897 -0.0797309
0.582785 -0.0620179
0.628258 -0.0791868
0.591066 -0.0440429
0.690816 -0.067693
0.687402 -0.0699911
0.638563 -0.0958836
0.718796 -0.089929
0.72801 -0.0875518
0.70112 -0.117205
0.720726 -0.117064
0.703694 -0.116902
0.697962 -0.1329
0.697892 -0.144818
0.685837 -0.159778
0.674432 -0.180033
0.663946 -0.194503
0.652391 -0.211928
0.629738 -0.232237
0.601816 -0.252245
0.585753 -0.280569
0.55132 -0.309518
0.501458 -0.296732
0.508389 -0.307643
0.472983 -0.349015
0.370461 -0.365224
0.387058 -0.375947
0.499649 -0.393142
0.517864 -0.433882
0.530285 -0.442579
0.592821 -0.460096
0.699643 -0.484474
0.741229 -0.494813
0.725305 -0.517532
0.595819 -0.528598
0.62165 -0.553736
0.715284 -0.583239
0.869724 -0.674854
0.884887 -0.740448
0.890702 -0.777334
0.947423 -0.767273
1.02449 -0.782828
1.07002 -0.825199
1.10904 -0.869595
1.16296 -0.914734
1.22143 -0.961231
1.26926 -0.999326
1.29981 -1.02371
1.31466 -1.03849
1.3107 -1.04407
1.29074 -1.04556
1.26533 -1.04684
1.2233 -1.05528
1.19111 -1.07752
1.18771 -1.10919
1.1881 -1.12132
1.12905 -1.12813
0.0393244 -0.0122431
0.093702 -0.0138399
0.11794 -0.0321146
0.171805 -0.0341321
0.197768 -0.042157
0.268787 -0.0721236
0.354613 -0.0619623
0.427766 -0.0356802
0.490522 -0.0509668
0.50795 -0.0903225
0.603828 -0.0567665
0.680252 -0.065293
0.593073 -0.0660217
0.708686 -0.096093
0.714933 -0.099018
0.660408 -0.102653
0.773486 -0.114691
0.787005 -0.114413
0.758985 -0.128673
0.778481 -0.122631
0.766958 -0.116309
0.761174 -0.124061
0.76483 -0.127036
0.75994 -0.130416
0.75214 -0.142289
0.751333 -0.1524
0.750606 -0.161471
0.739463 -0.169758
0.727956 -0.184288
0.715682 -0.206756
0.695353 -0.228277
0.68453 -0.255917
0.659993 -0.29217
0.604023 -0.290726
0.600842 -0.308499
0.585261 -0.369741
0.44938 -0.397752
0.44884 -0.417358
0.552015 -0.424067
0.575084 -0.463581
0.569904 -0.467648
0.600805 -0.460607
0.672327 -0.477377
0.707364 -0.492231
0.702059 -0.499661
0.779816 -0.53445
0.942004 -0.61449
1.02066 -0.704874
1.02984 -0.763035
1.05567 -0.775445
1.12203 -0.770324
1.18503 -0.796413
1.22705 -0.844437
1.27106 -0.894558
1.32342 -0.937203
1.36667 -0.967819
1.38905 -0.988021
1.39537 -1.00218
1.38831 -1.00759
1.36547 -1.009
1.33835 -1.01289
1.30145 -1.02336
1.26782 -1.04309
1.25336 -1.0816
1.25505 -1.09041
1.22585 -1.10843
0.0395299 -0.0123539
0.126572 -0.0234353
0.145463 -0.0122433
0.192155 -0.0309859
0.262325 -0.0585891
0.31052 -0.0613362
0.379422 -0.0434951
0.451877 -0.0320504
0.51718 -0.0346925
0.518765 -0.0753368
0.573378 -0.0933013
0.683433 -0.0972291
0.609116 -0.0840825
0.736734 -0.0696026
0.738799 -0.0879195
0.674922 -0.102533
0.782467 -0.111345
0.805154 -0.103956
0.788606 -0.12449
0.810793 -0.128393
0.816753 -0.125308
0.815547 -0.13369
0.817953 -0.139685
0.815314 -0.142755
0.811632 -0.153122
0.816153 -0.160905
0.820052 -0.160777
0.820592 -0.158268
0.81631 -0.163059
0.800701 -0.168688
0.787586 -0.174151
0.778832 -0.189477
0.757303 -0.20054
0.748325 -0.215679
0.742313 -0.251084
0.682481 -0.247911
0.672469 -0.256613
0.682032 -0.319441
0.552775 -0.368082
0.540298 -0.391727
0.613115 -0.375593
0.636275 -0.39146
0.611488 -0.384179
0.600921 -0.367477
0.655309 -0.408164
0.74574 -0.476052
0.868907 -0.550114
1.00212 -0.624847
1.08363 -0.684096
1.1308 -0.723393
1.18822 -0.743023
1.26183 -0.763809
1.32745 -0.803366
1.37671 -0.85358
1.41798 -0.897524
1.45095 -0.925642
1.46767 -0.941436
1.46896 -0.951877
1.46007 -0.956299
1.43878 -0.957653
1.41353 -0.963123
1.38143 -0.973141
1.34535 -0.988658
1.32548 -1.02347
1.32395 -1.03715
1.31285 -1.06103
0.0478004 -0.0233108
0.186031 -0.0098111
0.154757 -0.0275963
0.301088 -0.0242935
0.351139 -0.036076
0.391576 -0.0600254
0.420884 -0.04534
0.457785 -0.0468901
0.536335 -0.0692456
0.610141 -0.0567614
0.621668 -0.0698123
0.695745 -0.0745158
0.697584 -0.0331752
0.805831 -0.0487048
0.827014 -0.0697959
0.730479 -0.0778931
0.866753 -0.0712717
0.856348 -0.079045
0.830884 -0.117252
0.853234 -0.120423
0.874878 -0.111343
0.876948 -0.118129
0.873696 -0.131157
0.87143 -0.145723
0.865775 -0.157257
0.871456 -0.163426
0.885294 -0.168914
0.898605 -0.17337
0.901085 -0.175474
0.899459 -0.182989
0.895358 -0.195981
0.878179 -0.199903
0.858163 -0.19977
0.851336 -0.209689
0.82881 -0.214059
0.815103 -0.218184
0.80702 -0.253635
0.726133 -0.214885
0.716959 -0.204073
0.738821 -0.253657
0.623653 -0.298972
0.597673 -0.316036
0.631467 -0.312153
0.702127 -0.357143
0.720594 -0.400894
0.742077 -0.413148
0.824239 -0.432982
0.943256 -0.494308
1.06037 -0.564485
1.16345 -0.63094
1.25056 -0.692416
1.32729 -0.744323
1.40017 -0.783388
1.4665 -0.818873
1.51602 -0.851988
1.54259 -0.877387
1.54918 -0.893094
1.54329 -0.901541
1.53067 -0.900933
1.50886 -0.898203
1.48326 -0.904332
1.45402 -0.914763
1.4171 -0.927218
1.39875 -0.951465
1.39504 -0.969462
1.38867 -0.996048
0.0791735 -0.00875493
0.211864 -0.00124485
0.161 -0.036023
0.312474 -0.00943582
0.33376 -0.0608896
0.393241 -0.037261
0.402175 -0.047198
0.451733 -0.0610913
0.525674 -0.0982579
0.651106 -0.0742814
0.720152 -0.0620623
0.767902 -0.0545626
0.818291 -0.0681631
0.852868 -0.0327728
0.782473 -0.101323
0.79236 -0.0970953
0.932069 -0.0856237
0.951272 -0.0930939
0.922239 -0.0975586
0.936036 -0.109005
0.950061 -0.0981872
0.954132 -0.100228
0.959776 -0.103207
0.961425 -0.115049
0.947859 -0.135382
0.939573 -0.152637
0.947904 -0.160178
0.960026 -0.164517
0.968486 -0.170905
0.973818 -0.180693
0.97972 -0.186798
0.98904 -0.189491
0.99891 -0.197526
0.990764 -0.203478
0.971215 -0.209341
0.966577 -0.2348
0.950743 -0.253361
0.928831 -0.259345
0.902731 -0.274677
0.865454 -0.22952
0.849785 -0.22869
0.840381 -0.278162
0.744397 -0.314803
0.708052 -0.322303
0.747508 -0.342836
0.85908 -0.37154
0.908584 -0.419283
0.947719 -0.444488
1.00224 -0.442713
1.10107 -0.472177
1.2247 -0.539842
1.34903 -0.62176
1.45152 -0.698452
1.52476 -0.76128
1.57335 -0.799311
1.60086 -0.814754
1.60808 -0.81879
1.60064 -0.820588
1.58575 -0.817454
1.56356 -0.812342
1.53747 -0.814951
1.50827 -0.820282
1.47215 -0.829264
1.45801 -0.848071
1.45249 -0.873013
1.44688 -0.90191
0.0703673 -0.0124046
0.233448 -0.0141026
0.196222 -0.028539
0.366098 -0.0199018
0.304614 -0.062152
0.414857 -0.0132109
0.433974 -0.0288476
0.534455 -0.0340541
0.590897 -0.038669
0.733324 -0.0396733
0.766328 -0.0838091
0.81019 -0.00879299
0.92783 -0.0565738
1.01422 -0.0217558
0.881377 0.00682355
0.956357 -0.0947353
1.03896 -0.0429457
1.04969 -0.0720468
1.02557 -0.0629552
1.01821 -0.0699964
1.01298 -0.083232
1.0097 -0.0960347
1.02284 -0.0864213
1.02409 -0.0909444
1.02754 -0.10714
1.01713 -0.123499
1.01255 -0.133314
1.02231 -0.133293
1.0353 -0.128811
1.03915 -0.130498
1.03937 -0.141698
1.0452 -0.153565
1.05689 -0.162428
1.07291 -0.174002
1.08874 -0.188373
1.09218 -0.199382
1.08423 -0.210683
1.08495 -0.235423
1.0775 -0.258256
1.07028 -0.261306
1.05831 -0.279155
1.03824 -0.264908
1.02434 -0.263556
0.995373 -0.302071
0.941491 -0.364226
0.89569 -0.361835
0.92297 -0.373999
1.0311 -0.369389
1.05823 -0.392596
1.07871 -0.432949
1.11485 -0.458457
1.20146 -0.481826
1.32329 -0.540926
1.43543 -0.609756
1.52513 -0.661489
1.58236 -0.688976
1.60763 -0.705558
1.61599 -0.716307
1.61429 -0.713006
1.59983 -0.702797
1.57714 -0.701996
1.54985 -0.705921
1.51728 -0.712881
1.50819 -0.727063
1.50309 -0.754411
1.49867 -0.786251
0.0740926 -0.0220749
0.224735 -0.0261427
0.260486 -0.0158417
0.33951 -0.0326375
0.343896 -0.0515305
0.390034 -0.0517677
0.516376 -0.0460639
0.600857 0.0122784
0.65012 -0.0332807
0.77481 -0.00756839
0.831319 -0.103158
0.905041 -0.024926
1.12797 0.00244138
1.09479 -0.00082223
0.910629 0.01578
1.06885 -0.0653968
1.09933 -0.0269823
1.15501 -0.0228687
1.01984 -0.121124
1.18361 -0.0542402
1.18235 -0.0650334
1.12777 -0.133177
1.14783 -0.133135
1.17357 -0.0946352
1.17795 -0.0709303
1.1721 -0.0796715
1.15532 -0.107089
1.1428 -0.129003
1.14527 -0.135546
1.15676 -0.135973
1.16562 -0.133013
1.16559 -0.135565
1.16119 -0.145434
1.16115 -0.157404
1.16648 -0.166634
1.17669 -0.173838
1.18788 -0.181719
1.1902 -0.185576
1.18719 -0.183406
1.19333 -0.192116
1.2061 -0.208959
1.20716 -0.23496
1.18991 -0.272089
1.18068 -0.283891
1.19888 -0.242519
1.18254 -0.254046
1.14068 -0.311584
1.07532 -0.345813
1.07951 -0.340898
1.13807 -0.329749
1.19787 -0.366914
1.24031 -0.448099
1.30839 -0.53264
1.38906 -0.559279
1.46372 -0.555319
1.51198 -0.577937
1.54024 -0.604026
1.55601 -0.611826
1.56245 -0.602806
1.5631 -0.597727
1.55897 -0.604706
1.54955 -0.614328
1.53884 -0.618356
1.54524 -0.625844
1.54639 -0.644901
1.54527 -0.67318
0.0958997 -0.0143453
0.215586 -0.00302029
0.247631 -0.00998475
0.359461 -0.0353916
0.468611 -0.0416785
0.40504 -0.0481999
0.585056 -0.0493531
0.617228 -0.0289871
0.647198 -0.0130228
0.875342 0.0330066
1.04797 -0.0332956
0.836648 -0.0856245
1.08507 -0.0169687
1.08594 -0.0293449
0.995983 -0.0184856
1.0699 -0.0328304
1.15926 -0.0038107
0.999986 -0.124051
1.04655 -0.0882441
1.317 -0.0412469
1.37168 -0.0657839
1.34021 -0.0793408
1.31945 -0.104029
1.34578 -0.0831721
1.34996 -0.0670292
1.30969 -0.0937241
1.2855 -0.119014
1.28503 -0.124691
1.29152 -0.122761
1.29392 -0.125593
1.29962 -0.128398
1.31308 -0.129732
1.32434 -0.128089
1.3238 -0.129583
1.31677 -0.13669
1.31473 -0.147363
1.31994 -0.159092
1.32722 -0.170045
1.3322 -0.179431
1.33466 -0.189165
1.33149 -0.197337
1.32457 -0.202079
1.32323 -0.21204
1.31841 -0.22407
1.2995 -0.2338
1.28417 -0.25589
1.25872 -0.248709
1.24959 -0.166435
1.27932 -0.16966
1.31605 -0.22992
1.2618 -0.339006
1.20434 -0.329045
1.23828 -0.33883
1.3446 -0.355568
1.47464 -0.453609
1.52846 -0.52082
1.55872 -0.546779
1.55538 -0.527124
1.53831 -0.50949
1.53209 -0.510248
1.53328 -0.522168
1.53892 -0.532987
1.54984 -0.531882
1.56979 -0.538845
1.5772 -0.56035
1.58371 -0.590382
0.0929027 -0.0111773
0.204791 -0.043576
0.286698 -0.0323318
0.385425 -0.0375146
0.514494 -0.0470535
0.519016 -0.0192475
0.62702 -0.0631213
0.712843 0.0416818
0.868035 -0.000927036
0.929395 -0.0134334
1.10087 0.0206708
1.05508 -0.00443753
1.31529 -0.0200239
1.20561 -0.0181681
1.09866 0.021942
1.2824 0.0179929
1.31366 0.0182967
1.17748 -0.0916354
1.23392 -0.119459
1.44039 -0.040035
1.46954 -0.0520279
1.39718 -0.103579
1.41636 -0.0865082
1.43396 -0.047592
1.43344 -0.0365792
1.35631 -0.109016
1.34038 -0.126662
1.41126 -0.0755714
1.46668 -0.0361698
1.46779 -0.0372744
1.45981 -0.0628122
1.46166 -0.0905533
1.45419 -0.121047
1.44037 -0.14496
1.43562 -0.154544
1.44329 -0.154057
1.45975 -0.151042
1.47821 -0.147358
1.49359 -0.145305
1.50286 -0.14723
1.50592 -0.152924
1.50463 -0.16193
1.50119 -0.173871
1.49774 -0.188004
1.49388 -0.200239
1.48977 -0.208355
1.48461 -0.219536
1.46822 -0.235077
1.44147 -0.250162
1.42451 -0.267845
1.40025 -0.263145
1.37837 -0.231957
1.39068 -0.250833
1.40915 -0.310215
1.35098 -0.360916
1.25121 -0.368128
1.24359 -0.372839
1.29722 -0.377937
1.37136 -0.392
1.43186 -0.411241
1.48038 -0.423114
1.51714 -0.427803
1.55666 -0.422859
1.58392 -0.444092
1.59924 -0.487805
1.61437 -0.533022
0.0970973 -0.0106571
0.273425 -0.00192382
0.250022 -0.0483271
0.386184 -0.0217292
0.528504 -0.053915
0.582137 -0.053905
0.693342 0.00292672
0.901893 -0.0200897
0.961936 -0.0329928
1.001 -0.0291868
1.25298 0.0253547
1.12979 -0.0634146
1.29945 -0.0116171
1.1325 0.0376905
1.04397 -0.0084109
1.3536 -0.0411322
1.41908 -0.0257105
1.25147 -0.0721846
1.2944 -0.0886748
1.64992 0.0297092
1.70027 0.0237833
1.65855 -0.000677788
1.59689 -0.0845057
1.62137 -0.0907368
1.63244 -0.0711276
1.61173 -0.101124
1.57559 -0.139881
1.58607 -0.125218
1.61415 -0.0914476
1.61659 -0.083361
1.60773 -0.0921703
1.60265 -0.100104
1.59828 -0.120774
1.57691 -0.158441
1.54407 -0.188531
1.54836 -0.185982
1.58276 -0.161698
1.62548 -0.128019
1.65532 -0.100559
1.66278 -0.0931462
1.65193 -0.10842
1.64383 -0.13619
1.65071 -0.162856
1.66667 -0.181123
1.68105 -0.186937
1.68312 -0.184518
1.67356 -0.185193
1.65763 -0.19339
1.63945 -0.202708
1.62656 -0.208471
1.61848 -0.216201
1.6004 -0.23115
1.57594 -0.250909
1.55862 -0.268275
1.54153 -0.27576
1.53958 -0.294169
1.5396 -0.33063
1.49744 -0.363302
1.42989 -0.389823
1.40768 -0.405605
1.4204 -0.417866
1.45787 -0.423932
1.51126 -0.420217
1.5593 -0.437422
1.60195 -0.466171
1.62807 -0.476933
0.120606 -0.0206592
0.301783 0.00404816
0.301285 -0.0257407
0.404019 -0.0301282
0.643995 -0.040268
0.664624 -0.0197279
0.77111 0.0182576
0.833741 -0.0140893
1.07058 -0.0139794
1.01025 -0.00818811
1.2808 -0.0244596
1.34189 -0.0625466
1.44579 -0.0515827
1.26559 -0.00230525
1.2611 0.00349741
1.44759 -0.0432963
1.46491 -0.025821
1.48054 -0.00984412
1.34121 -0.0843781
1.44189 -0.107574
1.57889 -0.0595852
1.62194 -0.0526387
1.53933 -0.0550152
1.55269 -0.0684504
1.56691 -0.0634203
1.47718 -0.0744736
1.56614 -0.0765416
1.78459 -0.0470481
1.85451 -0.0686757
1.88922 -0.0335546
1.8532 -0.0596823
1.84795 -0.0556496
1.8141 -0.0568741
1.77034 -0.105999
1.75387 -0.151961
1.74851 -0.175117
1.7553 -0.17661
1.77554 -0.167378
1.8 -0.154146
1.81939 -0.138426
1.81528 -0.139367
1.79409 -0.159741
1.79054 -0.183682
1.81615 -0.202827
1.85118 -0.202726
1.86671 -0.176109
1.85122 -0.150963
1.82257 -0.148302
1.79825 -0.168147
1.78109 -0.19761
1.77335 -0.221631
1.76323 -0.229304
1.75504 -0.221573
1.74305 -0.222961
1.71176 -0.240904
1.67921 -0.261613
1.66139 -0.270781
1.65617 -0.281212
1.6439 -0.301353
1.60355 -0.32499
1.55692 -0.344078
1.53097 -0.360268
1.52675 -0.394491
1.54006 -0.453837
1.56573 -0.478293
1.57061 -0.452959
0.10169 -0.00811254
0.312881 0.00170718
0.378614 -0.0136034
0.464289 -0.0116162
0.708928 -0.071219
0.599476 -0.00384941
0.649741 -0.07524
0.984569 0.0153779
1.09517 -0.00041082
1.15243 -0.0374238
1.20188 -0.0091728
1.52409 -0.0702967
1.55034 -0.0738962
1.42489 -0.0301341
1.43622 -0.0410796
1.71436 -0.00294887
1.75953 0.0121727
1.5232 -0.0497155
1.38597 -0.0883872
1.71317 -0.102892
1.81908 -0.0250275
1.82586 -0.0505388
1.76882 -0.0801553
1.74087 -0.119752
1.77539 -0.0787973
1.77222 -0.0959864
1.76547 -0.138156
1.74451 -0.165447
1.75276 -0.151753
1.78039 -0.127132
1.79254 -0.108617
1.79604 -0.0947912
1.80738 -0.0895333
1.83313 -0.10515
1.78497 -0.149726
1.77561 -0.154349
1.83321 -0.11231
1.92612 -0.0472161
1.95739 -0.0435245
1.97667 -0.0524348
1.96678 -0.0712196
1.94374 -0.104851
1.93432 -0.143119
1.94771 -0.175237
1.97411 -0.182075
1.97623 -0.17193
1.9564 -0.169293
1.94583 -0.178782
1.92663 -0.208001
1.92433 -0.237377
1.93956 -0.229676
1.93343 -0.207231
1.90625 -0.200909
1.8773 -0.20983
1.85598 -0.220903
1.84251 -0.236825
1.80837 -0.263568
1.77966 -0.27261
1.7717 -0.273693
1.75426 -0.28916
1.70813 -0.308306
1.66166 -0.317277
1.64198 -0.351032
1.63983 -0.401372
1.63233 -0.418417
1.59251 -0.435903
0.12774 -0.0139026
0.351381 -0.0127777
0.363102 -0.0083041
0.483652 -0.013809
0.714027 6.83834e-05
0.668748 -0.0339873
0.801118 0.0387493
1.10239 -0.0402168
0.920116 -0.00860799
1.17098 0.00986556
1.30978 -0.0401785
1.66518 -0.0730475
1.67197 -0.0567124
1.27394 0.0104721
1.36458 -0.0259762
1.53393 -0.151127
1.56054 -0.146893
1.52628 0.00326749
1.63154 0.0258167
1.60046 -0.11481
1.84253 -0.102652
1.92356 -0.0552544
1.85953 -0.112743
1.88611 -0.0819511
1.91091 -0.0680896
1.90088 -0.0966432
1.85232 -0.156647
1.87303 -0.139151
1.9992 -0.0573908
2.03819 -0.0342767
2.01544 -0.0605693
2.03055 -0.0632324
2.04137 -0.063902
2.00717 -0.0879134
1.98677 -0.122829
1.98497 -0.143085
1.98082 -0.165023
1.97298 -0.184693
1.98731 -0.196962
2.03384 -0.195697
2.08786 -0.168511
2.06574 -0.156879
2.05381 -0.171442
2.12157 -0.158466
2.17033 -0.0931422
2.09615 -0.0631488
2.06285 -0.095828
2.04608 -0.135666
2.03312 -0.202128
2.06022 -0.217854
2.05624 -0.206322
2.04196 -0.202129
2.0309 -0.209559
2.01779 -0.22408
2.00632 -0.229887
1.97582 -0.229416
1.94979 -0.235674
1.90977 -0.26865
1.87817 -0.272423
1.87586 -0.270537
1.84484 -0.286819
1.7912 -0.293081
1.76508 -0.320519
1.76434 -0.353069
1.75329 -0.377483
1.71288 -0.39874
0.119334 -0.012534
0.43962 -0.00167736
0.439584 -0.00812077
0.498169 -0.017769
0.808738 -0.0192948
0.816092 -0.0761383
0.874467 0.0491238
1.14543 -0.0324645
1.15462 -0.0454624
1.39261 0.0260934
1.33915 -0.0250568
1.47312 -0.0444274
1.51548 -0.0143667
1.44957 -0.0782173
1.52751 -0.0412446
1.71068 -0.0845372
1.87013 0.00860504
1.8365 -0.0579132
1.66389 -0.0155892
1.80936 -0.0906861
1.90703 -0.0227593
1.91824 -0.021884
1.87488 -0.0555707
1.7759 -0.0194917
1.82394 -0.0565452
1.86849 -0.0322908
2.05815 -0.0371633
2.19737 -0.0174239
2.25671 -0.0434198
2.19103 -0.0560395
2.17186 -0.0853363
2.19096 -0.08438
2.21683 -0.065522
2.19655 -0.0650402
2.15258 -0.121201
2.12868 -0.164912
2.13266 -0.16887
2.181 -0.165398
2.24506 -0.134791
2.25666 -0.0913784
2.22549 -0.0895561
2.19946 -0.108258
2.16553 -0.14076
2.16614 -0.168884
2.15719 -0.173869
2.14667 -0.198276
2.17313 -0.174739
2.14638 -0.229449
2.21096 -0.189148
2.21061 -0.11261
2.17397 -0.120102
2.14716 -0.139434
2.13263 -0.185225
2.12481 -0.217624
2.10425 -0.227728
2.08009 -0.247596
2.06724 -0.25464
2.05083 -0.257819
2.00999 -0.264242
1.98311 -0.262388
1.96199 -0.275137
1.91324 -0.282768
1.87706 -0.303594
1.86705 -0.34103
1.85033 -0.355247
1.8064 -0.361995
0.115757 -0.0391498
0.422564 -0.0112042
0.594439 0.0171275
0.583614 0.0103955
0.951878 0.000475546
0.719396 -0.00834452
0.780772 -0.0126795
1.25622 -0.0897029
1.04494 0.00863948
1.18332 -0.0507152
1.20345 -0.0229403
1.47752 -0.0666838
1.5424 -0.0745591
1.53392 0.0425515
1.49448 0.0467384
1.85809 -0.105351
1.87089 -0.104263
1.79315 0.0117765
1.82556 0.0187758
1.6079 -0.0489006
2.11914 -0.084848
2.23202 -0.0795747
2.14157 -0.126902
2.03856 -0.0627986
2.0468 -0.0849447
1.99344 -0.11341
2.12834 -0.0802621
2.19879 -0.0542872
2.15188 -0.0807237
2.13924 -0.096008
2.13523 -0.102894
2.11928 -0.139974
2.09446 -0.105763
2.16424 -0.130166
2.36718 -0.0878834
2.38534 -0.0833936
2.35954 -0.110758
2.37875 -0.110383
2.38652 -0.0881434
2.36294 -0.0913276
2.335 -0.126273
2.31441 -0.13646
2.34093 -0.141853
2.33973 -0.136645
2.33183 -0.128597
2.30651 -0.125767
2.26892 -0.164607
2.25652 -0.218099
2.26839 -0.212252
2.27152 -0.201023
2.29539 -0.178752
2.26261 -0.174065
2.28756 -0.146126
2.25839 -0.137368
2.20012 -0.177167
2.19051 -0.219855
2.16143 -0.230676
2.15153 -0.246992
2.10986 -0.272984
2.08911 -0.274182
2.07328 -0.277923
2.03335 -0.272749
1.99012 -0.296268
1.96589 -0.333089
1.9443 -0.346635
1.9033 -0.346356
0.17291 0.0342163
0.47557 -0.0176849
0.579718 0.0145068
0.634862 0.0321577
0.866201 -0.0908553
1.05368 -0.0273873
1.00804 -0.00252643
1.18529 -0.0255288
1.13471 -0.0571813
1.60916 -0.0319115
1.34323 -0.0384732
2.13074 -0.0699788
2.1408 -0.0751524
1.79892 -0.054261
1.67695 -0.0967029
2.04402 -0.0303405
2.22042 -0.068092
2.04316 -0.0373834
1.86153 -0.0674742
1.96509 -0.0366368
2.17975 -0.0416724
2.34916 -0.0750061
2.36726 -0.0699156
2.17931 -0.0530376
2.21801 -0.0463861
2.36987 -0.0818708
2.54205 -0.0495686
2.58333 -0.0599638
2.51882 -0.0915385
2.50404 -0.107921
2.45257 -0.11888
2.42471 -0.120478
2.42315 -0.10561
2.3731 -0.132513
2.33661 -0.175897
2.33203 -0.189628
2.35952 -0.181531
2.40334 -0.156396
2.39408 -0.158033
2.39523 -0.180089
2.47626 -0.191978
2.52851 -0.124743
2.49042 -0.0949442
2.46138 -0.10411
2.44207 -0.101012
2.40436 -0.147813
2.40943 -0.190383
2.43411 -0.162818
2.42496 -0.142054
2.38704 -0.140114
2.33726 -0.163664
2.31922 -0.216728
2.34369 -0.212384
2.34001 -0.226519
2.3387 -0.193665
2.30619 -0.151273
2.25433 -0.168577
2.24101 -0.207405
2.20457 -0.251713
2.1969 -0.243551
2.15748 -0.271283
2.13654 -0.268908
2.10276 -0.295396
2.06986 -0.332982
2.03473 -0.344845
1.98721 -0.337363
0.311362 0.00947433
0.471859 -0.0139523
0.56635 0.0124017
0.781535 0.0385028
0.862845 0.00173322
1.01128 -0.0921315
1.26679 -0.0154185
1.41979 -0.0819802
1.44237 0.0513786
1.45715 -0.0549361
1.86868 0.0354438
1.68209 -0.0235088
1.90633 -0.0326465
1.91287 -0.0719915
1.6853 -0.0375607
2.07661 0.00358816
2.14025 0.0167361
2.0374 -0.0957352
1.82045 -0.113831
1.9209 -0.0947246
2.0953 -0.107611
2.25195 -0.0784023
2.2223 -0.110309
2.13365 -0.0465051
2.0432 -0.0840802
2.02238 -0.103838
2.26541 -0.0242808
2.31349 -0.0271647
2.3083 -0.0436812
2.24286 -0.0774298
2.33548 -0.0521518
2.57255 -0.0866132
2.66293 -0.134814
2.6985 -0.100959
2.68093 -0.097724
2.71172 -0.098803
2.6519 -0.112092
2.63162 -0.117102
2.58272 -0.131852
2.53936 -0.166037
2.53891 -0.170146
2.53868 -0.169805
2.53409 -0.165681
2.54305 -0.156829
2.53199 -0.185232
2.56556 -0.168322
2.58134 -0.129052
2.54458 -0.118509
2.51155 -0.128889
2.47144 -0.146519
2.47919 -0.171843
2.47957 -0.156407
2.43708 -0.167203
2.3942 -0.191367
2.36525 -0.219768
2.3292 -0.230503
2.37272 -0.232264
2.35528 -0.174812
2.34282 -0.173019
2.28311 -0.203536
2.25735 -0.257061
2.21616 -0.261946
2.19449 -0.288982
2.16361 -0.326746
2.12284 -0.333218
2.08357 -0.332584
0.392493 0.00198272
0.54314 0.0195579
0.700911 0.00147541
0.730297 -0.000308201
1.0454 -0.0155513
1.23053 -0.037876
1.18854 0.0139457
1.35374 -0.0463984
1.45383 0.0148546
1.7276 0.00319437
1.67419 -0.014018
1.82607 -0.0197484
1.744 -0.0160197
1.48618 -0.0995899
1.47853 -0.0964515
1.73763 -0.0906657
1.84933 -0.0615583
1.53998 -0.20816
1.58459 0.048024
1.70285 0.0985483
1.67721 0.12615
1.67996 -0.00941191
1.70137 -0.085838
1.67563 -0.0157843
1.82748 -0.0206571
1.96876 -0.0422754
2.1713 0.0500101
2.24357 0.0207402
2.31095 0.0173677
2.29774 -0.0362502
2.29831 -0.0956365
2.32696 -0.113873
2.38286 -0.0803129
2.44654 -0.0893725
2.4748 -0.144139
2.43702 -0.189913
2.49529 -0.168187
2.62511 -0.122545
2.7557 -0.111744
2.79752 -0.111848
2.78473 -0.113458
2.72229 -0.13366
2.69234 -0.151031
2.65885 -0.159588
2.62018 -0.207588
2.62916 -0.225327
2.622 -0.219083
2.6367 -0.190542
2.62925 -0.171022
2.62724 -0.149718
2.59369 -0.132718
2.55087 -0.165525
2.52832 -0.165221
2.50429 -0.169007
2.46266 -0.1728
2.41877 -0.206446
2.43154 -0.228725
2.41406 -0.23052
2.39874 -0.236583
2.3993 -0.199693
2.36213 -0.182739
2.31479 -0.22469
2.24716 -0.259583
2.238 -0.292909
2.19824 -0.306175
2.16854 -0.320056
0.417316 0.00233859
0.564881 0.00842846
0.666661 0.00376252
0.855487 0.0194226
0.836447 0.00694744
0.963102 0.00381107
0.953916 -0.0990249
1.33101 0.0132624
1.60741 -0.0382126
1.70558 0.0423087
1.53676 -0.041339
1.67736 -0.0485293
1.51965 -0.11789
1.43934 -0.0574912
1.40528 -0.00329214
1.22146 0.00657111
1.20244 0.293732
1.30365 0.406824
1.36633 0.401097
1.33819 0.217469
1.20489 -0.0905401
1.37878 -0.0480975
1.4475 0.18559
1.43334 0.262421
1.60465 0.567636
1.66308 0.662594
1.74418 0.656516
1.83864 0.479362
1.8564 0.397234
1.84997 0.329972
1.89215 0.125523
1.8357 0.0023327
1.88125 0.0458828
2.12472 0.223978
2.23633 0.231943
2.33254 0.127217
2.44221 0.00978427
2.53871 -0.0482054
2.60252 -0.0954459
2.61371 -0.161016
2.69944 -0.176781
2.83342 -0.168037
2.85576 -0.133489
2.85058 -0.145417
2.83287 -0.137008
2.77211 -0.148353
2.73968 -0.178914
2.70714 -0.187332
2.68444 -0.204164
2.66696 -0.234296
2.68394 -0.218896
2.6642 -0.166943
2.62593 -0.144765
2.57898 -0.157607
2.56132 -0.185142
2.55347 -0.181146
2.52227 -0.179202
2.4849 -0.202819
2.47598 -0.241756
2.45722 -0.241838
2.42598 -0.213511
2.41858 -0.197985
2.35155 -0.202929
2.31864 -0.24875
2.25279 -0.271845
2.24748 -0.281675
0.549705 0.0288588
0.722178 0.0265581
0.821822 0.0381116
0.915497 0.0167304
0.958371 0.00700266
1.13389 0.0227636
1.36043 -0.0117152
1.48239 -0.064856
1.34073 -0.0318009
1.56263 -0.0585216
1.41128 -0.08969
1.56805 -0.0645594
1.37106 -0.150025
1.18668 -0.158922
1.03785 0.0880499
1.16584 0.0682006
1.05473 0.243406
1.09622 0.289781
1.06995 0.329375
0.932086 0.389954
0.87533 0.726709
0.898282 0.993725
0.944827 0.941921
1.0583 0.889835
1.05768 0.548653
1.01802 0.328875
1.08685 0.427927
1.25811 0.647977
1.34225 0.701838
1.2664 0.71147
1.37344 1.02252
1.50374 1.1234
1.59366 1.07457
1.76789 0.978003
1.93451 0.753238
2.03094 0.576064
2.08033 0.463924
2.24209 0.374231
2.4793 0.348126
2.54093 0.310748
2.56157 0.128464
2.61114 -0.0152768
2.72467 -0.0964359
2.7536 -0.17994
2.84779 -0.224125
2.92121 -0.161206
2.89222 -0.152186
2.86116 -0.152714
2.80569 -0.163952
2.76654 -0.201574
2.73833 -0.211953
2.72285 -0.213539
2.69653 -0.225131
2.71187 -0.192631
2.69065 -0.158387
2.6515 -0.142683
2.61399 -0.173683
2.58633 -0.182727
2.54089 -0.176575
2.4903 -0.187378
2.45062 -0.235424
2.45256 -0.236796
2.43916 -0.22712
2.44737 -0.209158
2.35034 -0.215723
2.31937 -0.243389
0.602836 -0.000474061
0.774475 -0.0195537
0.783412 0.0300406
0.979779 0.0209568
1.101 0.0133957
1.32394 0.0284627
1.20379 -0.00781425
1.24173 -0.00761923
1.30789 -0.00691215
1.34531 -0.00954363
1.27141 0.00633876
1.4633 0.00348026
1.46209 -0.0871994
1.23139 -0.162622
0.909689 -0.245986
0.90407 0.0240224
0.842696 -0.0233384
0.91594 0.27711
0.787849 0.123374
0.867302 0.304555
0.770063 0.468656
0.581039 0.537057
0.601029 0.763846
0.491939 0.813187
0.340318 0.781933
0.291849 0.704629
0.453239 0.97067
0.623136 1.37846
0.780367 1.76664
0.835665 1.72936
0.907932 1.31513
0.922681 0.952816
0.998072 1.21933
1.08207 1.52967
1.03994 1.5923
1.22296 1.64911
1.55706 1.55076
1.84041 1.38841
2.02519 1.15819
2.19811 0.918241
2.34599 0.666635
2.47318 0.46321
2.64214 0.330958
2.72939 0.202093
2.77341 0.040361
2.84291 -0.0826848
2.9214 -0.147946
2.96043 -0.196042
2.97541 -0.165295
2.9189 -0.156719
2.87248 -0.170608
2.82216 -0.187968
2.7755 -0.22355
2.75404 -0.237692
2.73474 -0.223981
2.72805 -0.199253
2.68284 -0.168462
2.64273 -0.167835
2.60444 -0.193116
2.56111 -0.207852
2.51811 -0.215827
2.48743 -0.235958
2.46411 -0.266964
2.45945 -0.260028
2.45714 -0.227948
2.45667 -0.210321
0.719866 0.03291
0.827114 0.0116977
1.03998 -0.0440193
0.972517 0.0102861
1.25865 -0.0513521
1.07659 -0.0046927
1.16155 -0.0398584
1.4143 0.0497536
1.2517 0.0216308
1.33353 0.0831417
1.27537 -0.0475064
1.43052 0.0432739
1.45348 -0.0703763
1.3125 -0.149473
0.835298 -0.268755
0.831046 -0.0242748
0.749898 -0.0151066
0.805624 0.214684
0.702809 0.16996
0.726262 0.189409
0.665485 0.35271
0.459816 0.335876
0.297655 0.309331
0.197631 0.296224
0.160007 0.310953
0.133465 0.393982
0.0842833 0.521089
0.18941 0.775322
0.134214 1.23658
0.0624882 1.12944
0.297919 1.32254
0.504335 2.01934
0.613253 2.14822
0.622593 2.00385
0.565235 1.85777
0.524609 1.89694
0.601839 2.21091
0.792311 2.33043
1.1062 2.28997
1.44752 2.08603
1.77143 1.76523
2.06622 1.43339
2.29525 1.11371
2.5303 0.820165
2.67572 0.556748
2.76317 0.321465
2.84003 0.115726
2.86823 -0.0502155
2.95386 -0.157643
2.98146 -0.213637
2.9852 -0.19993
2.92668 -0.19602
2.875 -0.204973
2.82124 -0.221567
2.77537 -0.245759
2.75779 -0.248474
2.74524 -0.228992
2.73463 -0.213389
2.69137 -0.184874
2.65686 -0.192454
2.61619 -0.217723
2.57463 -0.224114
2.53175 -0.23508
2.48766 -0.25872
2.46794 -0.251582
2.46834 -0.2504
0.888282 0.0150551
0.807951 0.0324661
0.992624 -0.0165655
0.816082 0.0269901
0.947125 -0.00637913
1.00691 0.00749458
1.04395 -0.0179404
1.02526 0.0160299
1.00236 -0.0465868
1.04264 0.0102776
1.05308 0.02135
1.23034 -0.0360853
1.08825 -0.0141077
1.05051 0.0150856
1.23004 0.0333462
1.15356 -0.124718
1.11002 -0.234998
0.606029 -0.255475
0.498001 -0.0852342
0.522891 0.0763091
0.594993 0.241836
0.433394 0.0965693
0.30922 0.163471
0.107144 0.153062
-0.0234575 0.13748
-0.0369433 0.0817581
-0.102729 0.105868
-0.0250354 0.216614
-0.0510195 0.414681
-0.126084 0.898768
0.195661 1.1577
-0.234484 1.77763
-0.259545 1.21656
0.389373 2.32141
0.628516 2.98104
0.602445 3.06663
0.569406 2.89281
0.565256 2.71202
0.494809 2.92533
0.450116 3.24265
0.596022 3.20205
1.03152 2.90509
1.55455 2.46152
1.97688 1.94905
2.26607 1.4875
2.51787 1.05034
2.73192 0.653595
2.82129 0.376015
2.90026 0.12465
2.91709 -0.0292803
2.99005 -0.1553
3.0033 -0.211079
2.9931 -0.209534
2.93578 -0.195443
2.87356 -0.211061
2.82426 -0.238833
2.76854 -0.245821
2.74981 -0.245277
2.7544 -0.21885
2.6995 -0.184141
2.65443 -0.172694
2.61301 -0.199042
2.56666 -0.210445
2.52122 -0.218243
2.49513 -0.23917
2.48555 -0.258081
