0.0646811 0.0485202
0.0459907 0.0839776
0.0673263 0.117689
0.052431 0.139931
0.0558867 0.176076
0.0574881 0.207518
0.0548988 0.240089
0.0573778 0.272845
0.0642919 0.296094
0.0712203 0.313152
0.0672615 0.332614
0.0607994 0.353546
0.0651902 0.376248
0.0674846 0.394933
0.0669725 0.413971
0.0661042 0.433321
0.0656286 0.45286
0.0647296 0.473614
0.0636792 0.495805
0.0630441 0.519202
0.0629131 0.543595
0.0630221 0.568645
0.0631124 0.594057
0.0629522 0.619736
0.0626293 0.645515
0.0625241 0.67087
0.0628379 0.695232
0.0634078 0.718575
0.0639282 0.741247
0.0642488 0.763516
0.0643245 0.785635
0.0642026 0.807844
0.06394 0.83035
0.0636122 0.85324
0.0632708 0.876557
0.0630349 0.900262
0.0630243 0.924157
0.0632205 0.94761
0.0638906 0.96993
0.0651444 0.990757
0.0659879 1.01087
0.0654345 1.03204
0.0644544 1.05426
0.0641087 1.07681
0.0635883 1.1013
0.0634293 1.12884
0.0622639 1.15575
0.0565417 1.191
0.0572034 1.22461
0.0638718 1.25727
0.0594124 1.28735
0.0606477 1.31291
0.0552643 1.35813
0.0589514 1.4002
0.0628558 1.42376
0.0548665 1.46885
0.0593113 1.5073
0.0607082 1.54674
0.0527894 1.59811
0.0632041 1.62833
0.0588414 1.67757
0.0544816 1.72762
0.061606 1.77413
0.0581944 1.79771
0.0364682 1.91322
0.0435549 1.98225
0.0854754 0.0760938
0.0829618 0.0839799
0.0857473 0.121515
0.084782 0.15613
0.0836649 0.181599
0.0852328 0.213172
0.0880648 0.23708
0.0925788 0.256974
0.100361 0.273993
0.120297 0.28364
0.128223 0.295329
0.117043 0.316289
0.111194 0.333648
0.111677 0.350725
0.114453 0.368311
0.118627 0.384834
0.122863 0.400618
0.12442 0.415968
0.123222 0.431234
0.119898 0.446777
0.115727 0.462808
0.111655 0.479423
0.108027 0.496786
0.104975 0.515081
0.102497 0.534451
0.100596 0.555068
0.0994516 0.57679
0.0993044 0.598723
0.100147 0.619612
0.101703 0.638862
0.103635 0.656829
0.105625 0.674225
0.107388 0.691464
0.108869 0.708555
0.110057 0.725503
0.110886 0.742405
0.111303 0.759347
0.111325 0.776342
0.111019 0.793375
0.110463 0.810448
0.109744 0.827601
0.108987 0.844853
0.108328 0.862149
0.107876 0.879471
0.107673 0.896851
0.107757 0.914059
0.108704 0.930823
0.111825 0.947944
0.116784 0.966072
0.120094 0.982495
0.116201 0.999774
0.105375 1.02547
0.0981768 1.06979
0.0958844 1.11163
0.087431 1.14353
0.0879445 1.18286
0.077338 1.25297
0.07874 1.31988
0.0730152 1.37592
0.0803982 1.43403
0.077674 1.47982
0.0709549 1.54663
0.0698786 1.63526
0.0632928 1.69811
0.0672098 1.7834
0.0472518 1.85344
0.11151 0.0507956
0.115189 0.0933279
0.114719 0.124998
0.112156 0.151942
0.116436 0.179821
0.119456 0.201486
0.126096 0.220345
0.13555 0.237879
0.148442 0.251395
0.1639 0.254033
0.202329 0.252273
0.203059 0.26273
0.179843 0.282162
0.171188 0.295343
0.167788 0.313193
0.163551 0.331256
0.163763 0.347359
0.169994 0.362025
0.179958 0.374983
0.191527 0.387378
0.20161 0.401067
0.203988 0.415616
0.199321 0.430274
0.190455 0.44403
0.181948 0.457473
0.174549 0.471337
0.168251 0.485983
0.162776 0.501312
0.157911 0.516988
0.153656 0.532829
0.150159 0.54894
0.147875 0.565486
0.147752 0.582327
0.150822 0.59865
0.157626 0.613073
0.167615 0.62477
0.17957 0.634295
0.192628 0.642853
0.205895 0.651866
0.218104 0.662375
0.227853 0.67477
0.234265 0.68882
0.237265 0.703922
0.237396 0.719389
0.235357 0.734858
0.231498 0.749999
0.226151 0.764467
0.220323 0.778823
0.215506 0.794095
0.212924 0.809777
0.213339 0.824263
0.215225 0.83925
0.213707 0.858131
0.206818 0.879568
0.196835 0.90014
0.1664 0.935088
0.151525 0.958084
0.124388 1.02851
0.103827 1.10025
0.0946809 1.17407
0.0927004 1.233
0.0903698 1.34126
0.0893204 1.44622
0.0760031 1.52524
0.0729701 1.65551
0.0740064 1.73002
0.137031 0.0659743
0.13966 0.0877842
0.142245 0.121298
0.148571 0.144996
0.151418 0.166583
0.159133 0.185696
0.169176 0.202882
0.180625 0.214717
0.202309 0.221248
0.225866 0.226405
0.25105 0.219745
0.301103 0.222881
0.293755 0.233324
0.266512 0.245073
0.256615 0.25729
0.247506 0.274128
0.23413 0.28812
0.223835 0.302461
0.220246 0.318838
0.221278 0.335128
0.227132 0.35028
0.237097 0.363504
0.249631 0.374578
0.263996 0.385454
0.277071 0.398967
0.279713 0.413748
0.273654 0.42809
0.262283 0.440671
0.252199 0.45302
0.243414 0.4663
0.235731 0.480442
0.229195 0.495065
0.224012 0.509989
0.220376 0.525186
0.218643 0.540645
0.21929 0.556118
0.222714 0.571132
0.229052 0.585163
0.237885 0.597978
0.248519 0.609766
0.260168 0.620889
0.272182 0.63164
0.284235 0.642182
0.296232 0.652645
0.308128 0.663231
0.31964 0.674346
0.329992 0.686514
0.337914 0.700008
0.342502 0.714611
0.34369 0.72999
0.341684 0.745815
0.336569 0.76084
0.328944 0.773766
0.319564 0.786244
0.307741 0.799276
0.294493 0.813351
0.280395 0.831031
0.262505 0.852783
0.246449 0.866948
0.220453 0.895607
0.168833 0.947824
0.125339 1.06177
0.102351 1.20137
0.0940285 1.33132
0.0922762 1.46654
0.0763626 1.58288
0.164945 0.0507996
0.170899 0.0866407
0.173768 0.108459
0.182696 0.131622
0.190649 0.151295
0.200932 0.169541
0.212646 0.181053
0.235773 0.190839
0.257943 0.195129
0.295524 0.198227
0.322561 0.202581
0.361111 0.193913
0.404826 0.206745
0.392135 0.216407
0.359807 0.220564
0.356077 0.234776
0.343876 0.249257
0.32513 0.258913
0.309976 0.27008
0.298547 0.284071
0.287138 0.297981
0.279146 0.313002
0.279474 0.328281
0.287878 0.342889
0.300815 0.355948
0.31338 0.368353
0.326171 0.380975
0.339434 0.394772
0.346808 0.410109
0.345111 0.42495
0.336267 0.438737
0.325283 0.451425
0.315171 0.464294
0.305964 0.477565
0.298021 0.491402
0.291874 0.505963
0.288079 0.52113
0.287257 0.536595
0.289843 0.551787
0.295816 0.566073
0.304622 0.579127
0.31535 0.591049
0.327185 0.602174
0.339569 0.612873
0.352169 0.623439
0.364817 0.633982
0.377478 0.644315
0.390261 0.654065
0.403361 0.663147
0.416908 0.672163
0.430542 0.681975
0.442251 0.693772
0.448602 0.707872
0.448646 0.722834
0.443323 0.737307
0.434354 0.751553
0.424549 0.767147
0.413056 0.782155
0.393611 0.795885
0.383324 0.810862
0.319728 0.830807
0.27428 0.858071
0.205023 0.92001
0.133502 1.04189
0.104046 1.22353
0.0964851 1.37534
0.197328 0.0586518
0.202503 0.0775104
0.209791 0.101705
0.22259 0.121789
0.23013 0.137334
0.247619 0.153657
0.265971 0.163637
0.290769 0.169764
0.322592 0.175386
0.358355 0.17715
0.407746 0.185688
0.435023 0.185261
0.505471 0.191086
0.509554 0.202429
0.470588 0.200251
0.463299 0.211404
0.455927 0.229263
0.435473 0.236519
0.416859 0.244007
0.401986 0.256802
0.387959 0.269504
0.373613 0.280743
0.357639 0.291493
0.343598 0.30465
0.340146 0.319276
0.346331 0.334161
0.359006 0.348317
0.371557 0.362124
0.383692 0.376123
0.396113 0.390193
0.407394 0.405406
0.411256 0.42098
0.407457 0.435656
0.397888 0.449345
0.387162 0.462289
0.377091 0.475315
0.368085 0.488781
0.360912 0.503096
0.356877 0.518253
0.357021 0.533586
0.361546 0.548269
0.36985 0.561736
0.380701 0.573862
0.392895 0.585012
0.405783 0.595623
0.419127 0.605991
0.432804 0.616206
0.446723 0.62621
0.460845 0.63594
0.475045 0.645392
0.489052 0.654595
0.502623 0.663938
0.515397 0.674442
0.526128 0.686989
0.532314 0.701352
0.532791 0.715645
0.529813 0.730655
0.521008 0.746692
0.510276 0.762934
0.500653 0.772954
0.466592 0.781755
0.44254 0.792057
0.397905 0.821484
0.319183 0.841139
0.193558 0.939025
0.131672 1.08693
0.233952 0.0489614
0.242908 0.0760832
0.245964 0.0894947
0.263907 0.11385
0.275947 0.124993
0.29892 0.140184
0.324218 0.147958
0.359691 0.155397
0.39684 0.160662
0.444858 0.168398
0.488274 0.16838
0.532447 0.176673
0.569854 0.17475
0.613419 0.191633
0.597647 0.200489
0.561998 0.199058
0.566221 0.217241
0.549502 0.228153
0.525084 0.230959
0.507622 0.239585
0.493884 0.251857
0.477532 0.262897
0.459802 0.273168
0.443963 0.283267
0.42896 0.29352
0.412329 0.305599
0.404107 0.319575
0.407057 0.334429
0.420472 0.349726
0.433331 0.36382
0.44495 0.378535
0.456891 0.39326
0.468599 0.408463
0.474633 0.424122
0.472849 0.438977
0.464642 0.453044
0.453814 0.466085
0.443446 0.479038
0.434161 0.49257
0.427605 0.507258
0.426043 0.52253
0.429763 0.537272
0.438365 0.550756
0.450098 0.56265
0.463206 0.573459
0.477036 0.583689
0.491462 0.59367
0.506308 0.603486
0.521307 0.613089
0.536301 0.622453
0.551154 0.63159
0.565648 0.64055
0.579617 0.649639
0.592805 0.659681
0.604203 0.671519
0.611973 0.685215
0.614368 0.699827
0.612196 0.714794
0.605881 0.730347
0.595025 0.745517
0.582165 0.760103
0.568455 0.769417
0.543347 0.778743
0.47693 0.79598
0.395829 0.827015
0.312482 0.86173
0.276548 0.0517628
0.284387 0.0758903
0.291754 0.0887467
0.313198 0.110931
0.334031 0.119975
0.364266 0.131245
0.399339 0.142077
0.438676 0.1475
0.477559 0.150613
0.526236 0.156159
0.573498 0.159027
0.618329 0.173206
0.649569 0.167423
0.712488 0.186915
0.70175 0.194491
0.662499 0.188397
0.669563 0.206655
0.65947 0.221837
0.634424 0.223582
0.616582 0.231223
0.602293 0.244959
0.585023 0.255012
0.565735 0.262914
0.546592 0.270446
0.529888 0.280229
0.514455 0.291952
0.498914 0.301944
0.479947 0.311093
0.467869 0.323761
0.469172 0.33881
0.482638 0.354596
0.495627 0.368761
0.507027 0.383588
0.518968 0.398317
0.531136 0.413035
0.538756 0.42856
0.538264 0.443525
0.530985 0.45766
0.52009 0.470523
0.509331 0.483271
0.499958 0.497028
0.495671 0.51205
0.49798 0.526808
0.506701 0.540379
0.519747 0.551734
0.533947 0.561793
0.548681 0.571348
0.564079 0.580777
0.579956 0.590012
0.59584 0.599037
0.61151 0.607862
0.626842 0.616347
0.6418 0.624579
0.6564 0.633031
0.670264 0.642227
0.682446 0.652892
0.691762 0.665738
0.696742 0.680718
0.696453 0.695551
0.691888 0.710504
0.682823 0.727249
0.671627 0.742944
0.64911 0.757457
0.622074 0.764371
0.550003 0.783477
0.485964 0.808652
0.314771 0.0522268
0.33117 0.0792891
0.343886 0.0874673
0.371827 0.108182
0.401112 0.116567
0.434147 0.123051
0.475902 0.130092
0.517749 0.136424
0.559762 0.137609
0.610256 0.147805
0.668536 0.155986
0.715861 0.168929
0.746329 0.166285
0.816705 0.185416
0.807495 0.193033
0.767648 0.184953
0.773552 0.201883
0.764335 0.218069
0.740905 0.220227
0.721043 0.224959
0.705454 0.237285
0.689466 0.249026
0.6701 0.257697
0.651316 0.265398
0.634748 0.274944
0.617734 0.284988
0.598306 0.294581
0.580198 0.303793
0.564315 0.312133
0.545163 0.32155
0.532734 0.334361
0.534163 0.349193
0.549292 0.364913
0.5625 0.378351
0.573827 0.392781
0.585893 0.407364
0.597883 0.422086
0.604372 0.437459
0.602982 0.452228
0.59507 0.465986
0.583823 0.478502
0.572575 0.491555
0.56726 0.506341
0.569842 0.520649
0.580727 0.533598
0.596267 0.543338
0.611559 0.551859
0.626931 0.560306
0.643358 0.56903
0.66035 0.577376
0.676874 0.585362
0.692927 0.593292
0.708652 0.601232
0.723828 0.609357
0.738094 0.618144
0.750947 0.628246
0.761762 0.640191
0.769604 0.654172
0.772222 0.66892
0.771029 0.683691
0.767138 0.700451
0.755425 0.71788
0.734007 0.736982
0.724241 0.741559
0.67211 0.75737
0.635398 0.779674
0.350242 0.0541839
0.381841 0.0796788
0.400161 0.084528
0.435467 0.102498
0.470637 0.107722
0.510125 0.114895
0.556169 0.119689
0.606386 0.131894
0.656703 0.138218
0.706198 0.145353
0.770212 0.156145
0.821945 0.167401
0.851374 0.163296
0.922634 0.184203
0.914225 0.191492
0.874605 0.180522
0.880734 0.198579
0.872401 0.214734
0.84971 0.217058
0.83014 0.222139
0.813252 0.233152
0.797963 0.244335
0.778412 0.252682
0.757553 0.259107
0.739685 0.26709
0.723031 0.277622
0.705069 0.287861
0.686394 0.296374
0.667053 0.305592
0.649239 0.316682
0.633398 0.325087
0.611589 0.332623
0.598394 0.344806
0.600904 0.359723
0.618154 0.375045
0.630756 0.387514
0.641849 0.40164
0.65432 0.416216
0.665906 0.430859
0.670453 0.44575
0.667527 0.46
0.658567 0.473575
0.646798 0.48717
0.643361 0.501951
0.647762 0.515568
0.662675 0.526775
0.680066 0.534335
0.695979 0.541203
0.712008 0.548819
0.729631 0.557073
0.747395 0.564818
0.763915 0.57251
0.779578 0.580609
0.794583 0.589237
0.808488 0.598796
0.820602 0.609701
0.830273 0.622011
0.837473 0.635951
0.841282 0.651313
0.841757 0.666326
0.839977 0.682036
0.830475 0.699283
0.811091 0.719463
0.801167 0.726819
0.774005 0.734527
0.740499 0.758539
0.384601 0.0526098
0.432268 0.0744886
0.458134 0.0794243
0.503888 0.094461
0.547875 0.100472
0.596281 0.113434
0.64492 0.120292
0.700764 0.129348
0.759251 0.139434
0.812687 0.144963
0.878192 0.153392
0.929848 0.167857
0.961387 0.162121
1.03205 0.180284
1.02359 0.187551
0.98215 0.17878
0.992101 0.197598
0.982707 0.212792
0.960313 0.214727
0.942509 0.22024
0.92475 0.2304
0.909689 0.240496
0.891254 0.248654
0.870535 0.25515
0.852127 0.262175
0.835075 0.271804
0.816368 0.281029
0.796187 0.289018
0.777342 0.296917
0.759443 0.305579
0.739688 0.315349
0.720925 0.326542
0.705216 0.334659
0.683458 0.341986
0.667269 0.353977
0.668769 0.368542
0.68672 0.383467
0.699863 0.394585
0.710802 0.407903
0.723018 0.42259
0.733149 0.437216
0.735869 0.451817
0.732507 0.466259
0.723619 0.481483
0.72426 0.496007
0.732788 0.508737
0.7512 0.517102
0.76862 0.523206
0.784534 0.529092
0.800976 0.536555
0.818625 0.544762
0.835406 0.552738
0.850487 0.560927
0.864574 0.569957
0.877664 0.580261
0.888811 0.591862
0.897413 0.604558
0.90402 0.618733
0.908347 0.634473
0.909234 0.649502
0.907849 0.664419
0.900355 0.681291
0.885774 0.701595
0.87608 0.70991
0.856575 0.718176
0.830736 0.739082
0.422767 0.0510025
0.486224 0.072645
0.523277 0.0761298
0.580291 0.0897324
0.632198 0.101799
0.688694 0.112597
0.745962 0.123875
0.80255 0.130945
0.864797 0.138391
0.924784 0.144604
0.990917 0.15212
1.04214 0.165945
1.07423 0.155136
1.14225 0.171926
1.13248 0.17936
1.09011 0.172127
1.10526 0.19146
1.09514 0.205739
1.07246 0.207789
1.05537 0.214659
1.03835 0.226049
1.02405 0.23671
1.00671 0.245744
0.98652 0.252905
0.968047 0.259496
0.951053 0.268137
0.932689 0.276868
0.912717 0.284573
0.893093 0.29173
0.873952 0.299687
0.854921 0.308161
0.835735 0.31619
0.814956 0.324955
0.795795 0.335725
0.78012 0.343395
0.759235 0.349685
0.739094 0.360946
0.738821 0.374672
0.755598 0.389762
0.76974 0.4005
0.780182 0.413319
0.790781 0.428169
0.799645 0.442749
0.803486 0.457239
0.803563 0.472309
0.809154 0.485919
0.822662 0.496512
0.840499 0.503311
0.857038 0.50887
0.87262 0.51495
0.888589 0.522646
0.90458 0.531223
0.919283 0.540102
0.932538 0.549674
0.944577 0.56051
0.954855 0.572618
0.962865 0.585693
0.96916 0.600052
0.973707 0.615805
0.975064 0.630911
0.974349 0.645618
0.969508 0.662325
0.958799 0.681989
0.949739 0.693366
0.93416 0.70193
0.916848 0.719084
0.466445 0.0492934
0.550441 0.0709939
0.593633 0.0770802
0.657955 0.0901579
0.717278 0.103845
0.780152 0.111662
0.843871 0.121213
0.911131 0.13163
0.972803 0.138714
1.03216 0.141905
1.10173 0.141541
1.1502 0.155802
1.18579 0.140666
1.24971 0.163204
1.23697 0.169103
1.19 0.158739
1.21636 0.17957
1.20642 0.19256
1.18387 0.195451
1.16811 0.204513
1.15371 0.217606
1.13984 0.228403
1.12324 0.237404
1.10381 0.245097
1.08585 0.252197
1.06955 0.26118
1.05209 0.270815
1.0331 0.279753
1.0136 0.287762
0.994119 0.295763
0.974701 0.303659
0.954393 0.311404
0.933783 0.319372
0.914034 0.327097
0.893003 0.335549
0.872738 0.346158
0.856556 0.353287
0.837135 0.358787
0.814133 0.368901
0.812098 0.381999
0.825876 0.397814
0.841318 0.408579
0.851672 0.420312
0.861322 0.43407
0.872245 0.446921
0.882493 0.458545
0.893606 0.469132
0.907963 0.478133
0.924252 0.485588
0.940252 0.492437
0.955593 0.499736
0.970492 0.508107
0.984606 0.51747
0.997457 0.527753
1.00884 0.539169
1.01846 0.551628
1.02614 0.56489
1.03236 0.57932
1.03715 0.595048
1.0393 0.610323
1.03965 0.625031
1.03684 0.641582
1.02859 0.661158
1.02116 0.675761
1.00722 0.684217
0.994761 0.70046
0.510852 0.0499338
0.619109 0.074171
0.664756 0.0769665
0.743957 0.0952653
0.806327 0.104625
0.881744 0.113278
0.945727 0.119973
1.01579 0.128648
1.07838 0.13378
1.14089 0.134208
1.21528 0.129884
1.2576 0.145824
1.31729 0.137373
1.37512 0.156688
1.34971 0.161169
1.29977 0.148983
1.33735 0.173553
1.32087 0.182274
1.29731 0.181205
1.28327 0.191023
1.27093 0.204721
1.25715 0.215405
1.24094 0.223722
1.22289 0.231046
1.20643 0.239256
1.19192 0.249264
1.17612 0.259315
1.15825 0.268818
1.13953 0.27747
1.12095 0.285235
1.10172 0.293243
1.08149 0.302258
1.06113 0.310979
1.04023 0.319657
1.01858 0.328651
0.997896 0.336327
0.975029 0.3438
0.952342 0.355842
0.936157 0.362739
0.918565 0.367924
0.892173 0.377153
0.888477 0.389953
0.898259 0.405213
0.917536 0.413815
0.930763 0.421194
0.942419 0.431321
0.956781 0.442334
0.972617 0.45139
0.987964 0.459383
1.0031 0.467106
1.01815 0.475127
1.03249 0.483772
1.04575 0.493263
1.058 0.50383
1.06907 0.515653
1.07843 0.528442
1.08594 0.541821
1.09223 0.556165
1.09741 0.571759
1.10044 0.587112
1.1019 0.601846
1.10073 0.618276
1.09447 0.637872
1.08882 0.655231
1.0758 0.664089
1.06577 0.680865
0.556473 0.0488432
0.691054 0.075513
0.726265 0.0761141
0.842726 0.101404
0.899577 0.10259
0.97877 0.112606
1.03603 0.115423
1.11294 0.120649
1.18372 0.121999
1.26618 0.12995
1.34811 0.131776
1.38479 0.140722
1.47967 0.138839
1.50485 0.152457
1.45259 0.137089
1.43615 0.142321
1.47488 0.168657
1.45517 0.175056
1.4301 0.172591
1.41368 0.17846
1.39898 0.19007
1.3853 0.200253
1.37031 0.209903
1.3522 0.21655
1.33448 0.222656
1.31955 0.23077
1.30512 0.240595
1.28936 0.250359
1.27226 0.259403
1.25466 0.268072
1.23733 0.276748
1.21975 0.285346
1.20075 0.294388
1.18046 0.304073
1.16003 0.312667
1.1385 0.320806
1.11542 0.329103
1.09281 0.336277
1.0666 0.34583
1.04392 0.361835
1.02838 0.367613
1.01129 0.371027
0.979862 0.378876
0.973744 0.392182
0.980828 0.405315
1.00333 0.413495
1.02117 0.415534
1.03567 0.421371
1.0499 0.431703
1.06607 0.442089
1.0815 0.451048
1.09521 0.459814
1.10765 0.469436
1.11913 0.480289
1.12948 0.492276
1.13828 0.505124
1.14553 0.518643
1.15177 0.533099
1.15698 0.54863
1.16031 0.563966
1.16223 0.578779
1.16186 0.595125
1.15687 0.614622
1.15239 0.633316
1.13952 0.642635
1.13091 0.660157
0.60271 0.0499716
0.759174 0.0770349
0.790234 0.0782506
0.928823 0.0976709
0.973515 0.094243
1.06199 0.107325
1.13016 0.108362
1.22265 0.113303
1.29669 0.116232
1.39692 0.129221
1.49192 0.12682
1.52294 0.133309
1.63248 0.140763
1.64131 0.151715
1.57096 0.133815
1.59649 0.143286
1.61965 0.167047
1.59588 0.170134
1.57041 0.165463
1.55585 0.172349
1.5391 0.180345
1.52389 0.18753
1.5108 0.198289
1.49382 0.206163
1.47538 0.211512
1.45766 0.217035
1.44222 0.223927
1.42751 0.232308
1.412 0.241493
1.39534 0.249857
1.37824 0.257432
1.36119 0.265276
1.34419 0.273432
1.3268 0.281365
1.3081 0.289804
1.28825 0.299199
1.26833 0.30803
1.24761 0.316628
1.2246 0.325728
1.20144 0.33389
1.17523 0.34179
1.15009 0.358043
1.13399 0.364523
1.11731 0.366628
1.08783 0.370977
1.07232 0.386863
1.077 0.398695
1.09657 0.409097
1.1178 0.409398
1.13353 0.412331
1.14732 0.420178
1.16075 0.432418
1.17286 0.444311
1.18297 0.455967
1.19166 0.468348
1.1992 0.481813
1.2057 0.495755
1.21151 0.510303
1.21627 0.52565
1.21953 0.54085
1.22171 0.555742
1.22161 0.572063
1.21732 0.591668
1.21325 0.610618
1.20053 0.620583
1.19272 0.638628
0.643313 0.0500373
0.810433 0.0748273
0.868033 0.0779017
1.00315 0.0916608
1.06376 0.0913837
1.1371 0.0913102
1.24861 0.106157
1.32821 0.109242
1.42056 0.109782
1.53155 0.126109
1.63696 0.12451
1.65802 0.121466
1.79561 0.14853
1.78481 0.152728
1.687 0.1271
1.74589 0.139458
1.75791 0.160624
1.73518 0.160045
1.70677 0.152639
1.70916 0.173806
1.69794 0.18319
1.67979 0.18552
1.66523 0.192582
1.64939 0.200801
1.63149 0.2064
1.61321 0.210375
1.59582 0.214348
1.58029 0.220045
1.56569 0.227702
1.55038 0.235461
1.5339 0.242511
1.51666 0.248972
1.4992 0.255304
1.48169 0.261966
1.464 0.269145
1.44591 0.276605
1.42686 0.284335
1.40661 0.292823
1.38643 0.301518
1.36658 0.309723
1.34506 0.318376
1.32198 0.326254
1.29688 0.332529
1.26922 0.345598
1.2503 0.359661
1.23552 0.36333
1.21661 0.365013
1.18496 0.372342
1.18088 0.386499
1.18973 0.399096
1.21004 0.406798
1.2287 0.40897
1.24276 0.41535
1.25367 0.426848
1.26127 0.441688
1.26664 0.456141
1.27093 0.470406
1.27451 0.485389
1.27729 0.501065
1.27994 0.516207
1.28216 0.531228
1.2815 0.547627
1.27718 0.567753
1.27292 0.586392
1.26035 0.596873
1.25293 0.615387
0.686238 0.0504341
0.845406 0.0773535
0.931834 0.0768726
1.08124 0.0827378
1.17915 0.0995157
1.22167 0.0820754
1.37246 0.107653
1.44161 0.100509
1.5558 0.109926
1.68886 0.116932
1.79794 0.134818
1.80436 0.109527
1.94235 0.144814
1.91282 0.134792
1.8266 0.118635
1.89495 0.138558
1.89927 0.155409
1.86448 0.13883
1.84765 0.143668
1.86811 0.172637
1.8627 0.182618
1.84514 0.186987
1.8274 0.189683
1.81025 0.193299
1.79178 0.195732
1.77451 0.200076
1.76011 0.207552
1.74686 0.2163
1.73284 0.224802
1.71696 0.231517
1.70039 0.236772
1.68363 0.241706
1.66642 0.246848
1.64884 0.252098
1.63139 0.257494
1.6141 0.263251
1.59643 0.269409
1.57792 0.275781
1.55848 0.282117
1.53822 0.288372
1.51723 0.294827
1.496 0.301489
1.47453 0.308306
1.45181 0.315955
1.42811 0.324012
1.40386 0.332113
1.37894 0.344377
1.35934 0.356151
1.34454 0.359539
1.32761 0.361096
1.30134 0.365523
1.28829 0.380016
1.29165 0.393499
1.30437 0.406085
1.3196 0.41511
1.32956 0.426246
1.33641 0.439612
1.33988 0.454938
1.34157 0.470497
1.3436 0.48573
1.34474 0.501469
1.34268 0.518547
1.33777 0.539503
1.33213 0.557885
1.31985 0.569197
1.31195 0.588755
0.727528 0.0510146
0.899551 0.0724957
1.00899 0.077658
1.16838 0.0798902
1.28299 0.0957962
1.33821 0.0899576
1.47335 0.0935773
1.57864 0.103895
1.72634 0.114409
1.85076 0.109426
1.95566 0.141175
1.98708 0.115672
2.12339 0.144668
2.07723 0.133826
1.96741 0.130859
2.07592 0.149802
2.06841 0.156742
2.03357 0.136382
2.02752 0.146927
2.03957 0.17306
2.02804 0.179505
2.00612 0.17698
1.99052 0.181356
1.97356 0.185028
1.95472 0.184493
1.93436 0.184489
1.92151 0.193494
1.91425 0.207777
1.90474 0.221231
1.88982 0.229961
1.87233 0.233969
1.85457 0.236313
1.83712 0.23914
1.82063 0.24371
1.80501 0.249902
1.78946 0.256889
1.77319 0.26387
1.7557 0.270319
1.73706 0.276036
1.71767 0.281242
1.69784 0.286307
1.67764 0.291442
1.65696 0.296662
1.63572 0.30196
1.61399 0.307422
1.592 0.313146
1.56973 0.319204
1.54694 0.325667
1.52393 0.33219
1.50089 0.339019
1.47821 0.347178
1.45849 0.354164
1.44113 0.358596
1.42327 0.364381
1.40421 0.373546
1.39442 0.387125
1.39326 0.402121
1.3971 0.417159
1.40149 0.431648
1.40498 0.446828
1.40611 0.463325
1.40401 0.481078
1.39849 0.502853
1.39026 0.522025
1.37827 0.535519
1.36893 0.557882
0.767588 0.0504168
0.960672 0.0692596
1.07923 0.0671312
1.25443 0.0730474
1.39468 0.0937468
1.48598 0.0877466
1.58903 0.0933607
1.75973 0.111922
1.91746 0.110988
1.97845 0.11243
2.11365 0.138311
2.20884 0.118413
2.26871 0.138778
2.13743 0.117213
2.10086 0.112949
2.22546 0.140416
2.22129 0.148246
2.17658 0.132762
2.1713 0.138078
2.21576 0.176355
2.21563 0.184943
2.1984 0.187812
2.17211 0.173461
2.15737 0.176096
2.14214 0.183675
2.12394 0.186675
2.10726 0.190661
2.09536 0.200123
2.08363 0.211226
2.06877 0.219274
2.05169 0.224171
2.03395 0.227014
2.01587 0.228392
1.99783 0.230086
1.98136 0.234376
1.96713 0.241669
1.95339 0.250781
1.93813 0.260251
1.92028 0.268435
1.90039 0.274715
1.87987 0.279593
1.85968 0.284166
1.8396 0.289207
1.8188 0.294986
1.79675 0.30128
1.77351 0.307608
1.74952 0.313634
1.72503 0.319218
1.70006 0.324542
1.67516 0.330108
1.65059 0.336327
1.62601 0.342912
1.60121 0.349272
1.57637 0.355604
1.55329 0.362311
1.53297 0.36878
1.51401 0.376062
1.49661 0.385117
1.48396 0.396449
1.47599 0.40979
1.47045 0.42462
1.46548 0.441039
1.45782 0.461604
1.44768 0.480992
1.43477 0.497152
1.42334 0.523277
0.812005 0.0486357
1.02925 0.0694102
1.16482 0.0673689
1.33861 0.0713767
1.52061 0.0925424
1.62413 0.0923211
1.73775 0.0971614
1.887 0.100512
2.05295 0.112317
2.12948 0.103495
2.25829 0.128672
2.41867 0.125748
2.44762 0.139082
2.29051 0.124881
2.31341 0.123439
2.41757 0.144012
2.40463 0.149555
2.39015 0.151238
2.35233 0.134567
2.3564 0.15053
2.36551 0.172633
2.35267 0.180248
2.32739 0.174558
2.31241 0.169505
2.29569 0.171495
2.26989 0.173327
2.26546 0.185905
2.27848 0.205417
2.27897 0.221586
2.2624 0.230171
2.24191 0.228803
2.2236 0.228604
2.20374 0.228962
2.18461 0.229441
2.16808 0.23244
2.15267 0.237958
2.13713 0.245039
2.12067 0.252288
2.10243 0.258824
2.0819 0.2643
2.05975 0.268512
2.0377 0.272253
2.01671 0.276628
1.99599 0.282483
1.9739 0.290123
1.94942 0.298635
1.92287 0.30633
1.89492 0.312864
1.86641 0.318739
1.83752 0.32488
1.80833 0.33184
1.77819 0.339038
1.74781 0.3466
1.71844 0.354187
1.68934 0.361138
1.66038 0.367555
1.63342 0.374537
1.60996 0.382304
1.58913 0.390877
1.57006 0.400441
1.55311 0.411293
1.53779 0.423731
1.5238 0.437997
1.5115 0.450212
1.49506 0.462307
1.48019 0.485369
0.855904 0.0502773
1.10946 0.0676408
1.22604 0.0686633
1.41693 0.0720377
1.68332 0.0909568
1.71117 0.0754114
1.81988 0.0774572
2.01028 0.100572
2.18659 0.107837
2.28556 0.107998
2.36066 0.110128
2.57665 0.127878
2.60746 0.140446
2.4585 0.130487
2.47357 0.130327
2.62218 0.159753
2.60967 0.164157
2.54786 0.132942
2.51372 0.129341
2.57515 0.160358
2.585 0.178641
2.56909 0.182547
2.53948 0.165545
2.5242 0.165467
2.51102 0.176303
2.49442 0.179681
2.47763 0.179578
2.46076 0.181977
2.44654 0.189654
2.43362 0.198813
2.41999 0.207326
2.40501 0.21452
2.38832 0.218658
2.36951 0.219368
2.34939 0.219966
2.33622 0.226766
2.32685 0.23908
2.31633 0.254261
2.29775 0.264535
2.27278 0.269328
2.24593 0.270449
2.22051 0.271484
2.19627 0.274268
2.17141 0.279141
2.14412 0.285544
2.11445 0.291688
2.08347 0.297445
2.05261 0.303022
2.0215 0.308907
1.9904 0.316533
1.95793 0.325672
1.92363 0.334682
1.88879 0.342656
1.85421 0.349995
1.82011 0.357548
1.78781 0.366049
1.75566 0.373228
1.72388 0.380456
1.69629 0.38918
1.67227 0.39864
1.64885 0.408212
1.62528 0.419177
1.60419 0.431287
1.58842 0.43963
1.56896 0.447036
1.55165 0.462069
0.898022 0.0490744
1.19516 0.0676661
1.32498 0.0682286
1.58828 0.0690947
1.78799 0.0872993
1.83659 0.0785938
1.94589 0.0799333
2.23673 0.107155
2.23392 0.0843499
2.38615 0.101882
2.49354 0.112808
2.77524 0.141608
2.76244 0.142003
2.55023 0.109535
2.61708 0.117779
2.72488 0.13215
2.726 0.134947
2.6633 0.133678
2.64149 0.142005
2.69566 0.14059
2.7728 0.17921
2.78131 0.186665
2.7535 0.185458
2.72894 0.174644
2.71216 0.173859
2.69398 0.175991
2.67521 0.178083
2.66294 0.187127
2.65799 0.204013
2.64499 0.214724
2.62689 0.21802
2.60921 0.220289
2.58945 0.221653
2.56914 0.221828
2.55121 0.222985
2.5337 0.225243
2.51553 0.228184
2.49731 0.232141
2.47913 0.237376
2.45872 0.244311
2.43413 0.251834
2.40592 0.258162
2.38056 0.265154
2.35431 0.275892
2.32129 0.288554
2.28175 0.294194
2.24521 0.297148
2.2098 0.300251
2.1755 0.30501
2.1402 0.312761
2.10262 0.320309
2.06445 0.327538
2.02681 0.334986
1.98875 0.342861
1.95049 0.352626
1.91201 0.361219
1.87462 0.371286
1.83948 0.378439
1.80353 0.386602
1.77379 0.396874
1.74625 0.407347
1.71794 0.417758
1.69077 0.429984
1.67179 0.437061
1.6505 0.442774
1.63061 0.455267
0.945595 0.0491993
1.29092 0.0709661
1.44012 0.0696115
1.59509 0.0682914
1.9138 0.0883924
2.00212 0.0809635
2.0814 0.0833269
2.32487 0.102415
2.4415 0.100513
2.67775 0.116537
2.63128 0.107211
2.81725 0.121906
2.83851 0.125631
2.76297 0.113553
2.77619 0.116693
2.93042 0.13943
2.95107 0.156952
2.93199 0.156599
2.85368 0.139343
2.90122 0.159194
2.91019 0.174657
2.88858 0.178493
2.8651 0.170913
2.83175 0.160298
2.81217 0.16853
2.81472 0.17494
2.85777 0.197255
2.87296 0.212804
2.87012 0.223826
2.84364 0.225694
2.82459 0.224261
2.80731 0.22712
2.78693 0.229172
2.76447 0.226617
2.74476 0.224384
2.72744 0.22699
2.71165 0.232949
2.69513 0.240816
2.67311 0.24989
2.64431 0.256676
2.61344 0.260231
2.58159 0.262142
2.54882 0.263519
2.51499 0.265266
2.47997 0.268337
2.44699 0.273836
2.41259 0.280148
2.37807 0.288342
2.34188 0.30327
2.29783 0.315475
2.25278 0.321586
2.20808 0.326005
2.16558 0.331837
2.12205 0.337576
2.07764 0.346475
2.0357 0.354799
1.99274 0.364496
1.95306 0.374768
1.91293 0.38336
1.87593 0.393021
1.84346 0.404497
1.81306 0.415948
1.78064 0.428532
1.7574 0.435609
1.73447 0.440701
1.71249 0.453061
0.989601 0.0482559
1.37026 0.0712615
1.52578 0.0699819
1.70671 0.0710157
2.04642 0.0953582
2.00626 0.0695869
2.15545 0.0720758
2.50509 0.101688
2.47228 0.0820482
2.67427 0.0960541
2.72849 0.0926972
3.02576 0.120142
3.0339 0.123871
2.86852 0.119491
2.89458 0.117881
3.08943 0.146083
3.08119 0.148958
2.98143 0.145985
2.9797 0.15025
3.02019 0.137818
3.12862 0.180312
3.14634 0.193042
3.11211 0.185074
3.07853 0.175584
3.06177 0.170685
3.03277 0.166043
3.03154 0.181623
3.02583 0.19496
3.00664 0.199347
2.98855 0.20453
2.97305 0.206211
2.95424 0.201258
2.9303 0.204229
2.93131 0.218785
2.93941 0.24007
2.92466 0.250238
2.90412 0.255266
2.88187 0.2599
2.85264 0.263715
2.81981 0.263843
2.7862 0.264252
2.75372 0.265798
2.72132 0.268427
2.68647 0.272416
2.65093 0.277538
2.61329 0.280554
2.57448 0.281722
2.53535 0.285824
2.49437 0.293261
2.45292 0.301665
2.40818 0.310214
2.36321 0.318078
2.31418 0.329532
2.26168 0.336937
2.20954 0.343578
2.163 0.350946
2.11264 0.358688
2.06815 0.368802
2.02238 0.376859
1.98087 0.388056
1.9416 0.399744
1.9083 0.413642
1.87225 0.426145
1.84377 0.433349
1.81837 0.437859
1.79325 0.45141
1.03769 0.0503278
1.46007 0.0678155
1.63275 0.0771275
1.79358 0.0687911
2.15 0.0854924
2.31326 0.0872824
2.4212 0.0827465
2.53602 0.088491
2.66142 0.0865469
2.96775 0.123666
2.94992 0.104459
3.26904 0.153381
3.27004 0.154566
3.14536 0.134481
3.0904 0.125246
3.22924 0.156312
3.25392 0.169052
3.20103 0.15382
3.12878 0.145851
3.14737 0.155281
3.21381 0.174056
3.24963 0.197762
3.24679 0.203631
3.17971 0.179868
3.1824 0.186573
3.21541 0.205524
3.25809 0.231183
3.25774 0.240608
3.22339 0.237615
3.19976 0.230208
3.17855 0.227817
3.15448 0.226695
3.13031 0.223198
3.10753 0.21938
3.0892 0.221034
3.07277 0.226515
3.0553 0.233594
3.03349 0.239495
3.00959 0.243846
2.9909 0.251868
2.9705 0.266197
2.93375 0.282254
2.89057 0.285239
2.85118 0.284645
2.81228 0.284541
2.77411 0.285353
2.73678 0.290589
2.69607 0.298202
2.65227 0.303786
2.60385 0.305574
2.55479 0.305907
2.50901 0.309424
2.45927 0.316412
2.40697 0.326297
2.35492 0.337914
2.2955 0.34823
2.24128 0.355944
2.18799 0.364646
2.13466 0.371929
2.08819 0.384423
2.04176 0.393016
2.00362 0.408243
1.96609 0.421559
1.93157 0.42923
1.90265 0.433576
1.87322 0.448982
1.12357 0.0669113
1.50375 0.0694427
1.67267 0.0688543
1.94238 0.075861
2.17814 0.077219
2.34948 0.0842934
2.57194 0.0957858
2.79653 0.0995934
2.90185 0.108874
3.04799 0.103133
3.19388 0.131203
3.23977 0.124907
3.37727 0.139498
3.39953 0.143499
3.29531 0.118659
3.44464 0.168005
3.44775 0.174071
3.41444 0.16869
3.31997 0.132115
3.33065 0.142156
3.38845 0.173341
3.43129 0.19535
3.39752 0.193693
3.36632 0.183468
3.32219 0.161653
3.30944 0.165739
3.3487 0.195699
3.34666 0.201192
3.31639 0.199903
3.2945 0.198259
3.29339 0.213032
3.31918 0.232909
3.33109 0.247317
3.31978 0.259919
3.29664 0.266403
3.27067 0.269865
3.23584 0.269458
3.20062 0.264908
3.16685 0.259973
3.13619 0.259158
3.10666 0.260666
3.07528 0.263846
3.04462 0.269004
3.01202 0.274726
2.97949 0.284156
2.94307 0.299144
2.89676 0.307807
2.84761 0.309088
2.79928 0.309384
2.7526 0.310416
2.70767 0.314358
2.65802 0.319437
2.60323 0.322011
2.54722 0.324067
2.49048 0.327472
2.43367 0.335181
2.38109 0.347686
2.31866 0.358684
2.25718 0.370825
2.20139 0.379336
2.14778 0.388275
2.10067 0.401982
2.06049 0.416
2.02206 0.423283
1.98667 0.427292
1.95478 0.444635
1.27216 0.0707516
1.64465 0.0718147
1.85494 0.074426
2.03107 0.0702363
2.37856 0.0844621
2.56742 0.0905965
2.62557 0.0826374
2.81591 0.0971216
2.98854 0.106446
3.16826 0.124502
3.24306 0.120742
3.36739 0.133655
3.41241 0.126193
3.49253 0.12433
3.4972 0.126664
3.4418 0.134665
3.45512 0.140922
3.55498 0.145412
3.5908 0.156191
3.61107 0.166784
3.57793 0.168006
3.55397 0.166063
3.53521 0.164117
3.496 0.154898
3.49451 0.169816
3.50621 0.182264
3.54259 0.200046
3.54928 0.209978
3.53281 0.217981
3.50373 0.213927
3.48609 0.21348
3.46883 0.217029
3.4479 0.223299
3.42708 0.226348
3.40476 0.227736
3.38731 0.233538
3.3795 0.245138
3.37346 0.262112
3.35601 0.281681
3.31733 0.29382
3.27326 0.293682
3.23092 0.289802
3.1916 0.286503
3.15366 0.283798
3.11834 0.284297
3.08222 0.289701
3.04488 0.297395
3.00172 0.306089
2.95601 0.31457
2.90529 0.321519
2.85139 0.323638
2.79815 0.325654
2.74445 0.328916
2.68813 0.331945
2.63029 0.333902
2.57386 0.335675
2.51506 0.340517
2.45132 0.348141
2.38563 0.361733
2.32563 0.372584
2.25997 0.387128
2.20587 0.396074
2.15232 0.40995
2.11552 0.417463
2.06815 0.42121
2.03895 0.439944
1.38957 0.067557
1.74352 0.0740413
1.90215 0.0690428
2.19011 0.0739666
2.36577 0.0681714
2.4376 0.073508
2.67609 0.0748936
2.84887 0.0884931
3.12487 0.112044
3.18705 0.113333
3.29732 0.103543
3.35887 0.115413
3.4474 0.1111
3.5172 0.122317
3.54846 0.118829
3.63354 0.122978
3.69708 0.142564
3.71567 0.156123
3.70342 0.162484
3.65991 0.147392
3.60398 0.123432
3.60728 0.137186
3.64026 0.157131
3.67119 0.163175
3.71926 0.193781
3.72517 0.205953
3.70888 0.213005
3.68172 0.200552
3.6652 0.199237
3.64887 0.20299
3.62873 0.200859
3.60903 0.201629
3.60046 0.212705
3.5972 0.230386
3.58308 0.242694
3.55903 0.249356
3.52827 0.253082
3.49951 0.254071
3.47162 0.257673
3.44558 0.264037
3.42263 0.2736
3.39628 0.287399
3.36029 0.301903
3.31614 0.311913
3.26744 0.314225
3.22011 0.311344
3.17599 0.308812
3.13148 0.307964
3.08782 0.309122
3.04372 0.313576
2.99589 0.324445
2.9396 0.334511
2.88167 0.338162
2.82447 0.338961
2.76885 0.34232
2.7101 0.346756
2.64751 0.349777
2.58465 0.351035
2.52016 0.355631
2.45211 0.3654
2.38027 0.3803
2.31854 0.392386
2.25563 0.404793
2.21542 0.411727
2.15312 0.417695
2.1286 0.436076
1.54551 0.0711388
1.87047 0.0726902
2.09507 0.0724905
2.2556 0.0775003
2.40112 0.0728595
2.71063 0.0823946
2.92075 0.0914994
3.07849 0.101244
3.09084 0.0851015
3.25814 0.101437
3.30273 0.0864197
3.38803 0.100515
3.45868 0.0961268
3.52522 0.101564
3.57421 0.104529
3.64878 0.117536
3.68292 0.116982
3.71604 0.124158
3.72786 0.116439
3.7657 0.116472
3.81221 0.146972
3.83347 0.167651
3.83061 0.174545
3.80303 0.167751
3.78672 0.152551
3.76565 0.147514
3.75285 0.160827
3.75405 0.179219
3.76659 0.194959
3.78029 0.212159
3.77611 0.233338
3.76177 0.242899
3.74509 0.245731
3.72255 0.249364
3.69625 0.245425
3.67356 0.24339
3.65378 0.247476
3.63579 0.255786
3.61089 0.266724
3.57695 0.272751
3.54283 0.274832
3.51004 0.277384
3.47728 0.282317
3.44415 0.290153
3.41074 0.304357
3.36731 0.318734
3.318 0.327247
3.26648 0.329129
3.21583 0.327046
3.16732 0.325768
3.11808 0.327087
3.06652 0.330002
3.01517 0.336736
2.96093 0.348734
2.90139 0.355904
2.84034 0.358038
2.77889 0.359984
2.71361 0.365246
2.64412 0.370436
2.57184 0.372157
2.50039 0.37421
2.43263 0.38586
2.36639 0.397596
2.32337 0.408599
2.25137 0.414492
2.22237 0.429814
1.76335 0.0693982
2.06163 0.0736256
2.11408 0.0710253
2.46228 0.0720844
2.74649 0.0813422
2.85088 0.0876378
2.97257 0.0851364
3.02147 0.0854013
3.10655 0.0844721
3.18517 0.0871968
3.24403 0.0847427
3.33206 0.0871606
3.39832 0.0892963
3.4638 0.0832194
3.53139 0.0830024
3.58661 0.0904995
3.63851 0.088852
3.67756 0.0920659
3.722 0.0912346
3.76214 0.0983798
3.79745 0.109244
3.82955 0.126507
3.85011 0.137558
3.8666 0.141236
3.88192 0.150446
3.89392 0.173515
3.88885 0.194345
3.8788 0.207878
3.87043 0.220891
3.85811 0.225847
3.83945 0.217344
3.8199 0.212312
3.8132 0.225048
3.81226 0.248559
3.80622 0.270622
3.79025 0.283784
3.76732 0.285232
3.74134 0.283346
3.7142 0.279875
3.68801 0.278146
3.65984 0.280229
3.63163 0.288214
3.59777 0.297006
3.55958 0.301827
3.52102 0.305472
3.48347 0.311309
3.44386 0.32035
3.4016 0.333432
3.35225 0.346338
3.29711 0.351796
3.24253 0.351386
3.1877 0.348721
3.13342 0.348029
3.07897 0.352861
3.02228 0.359663
2.96262 0.369655
2.89773 0.375853
2.83235 0.376451
2.76551 0.376495
2.69638 0.378144
2.62524 0.379879
2.55318 0.380199
2.47892 0.384859
2.41458 0.398582
2.3551 0.408812
2.32424 0.425201
1.96482 0.0701965
2.21496 0.0718117
2.59657 0.0815313
2.70693 0.0689229
2.90416 0.0839144
2.95869 0.0801829
3.03736 0.0783936
3.12847 0.0888602
3.17216 0.0831918
3.22191 0.0833194
3.30266 0.0743605
3.36052 0.0832433
3.41897 0.08246
3.48599 0.0809885
3.54461 0.078509
3.59784 0.0846267
3.63836 0.0778423
3.67902 0.0797952
3.72653 0.0781518
3.77324 0.0856109
3.80671 0.0912819
3.83439 0.0946294
3.85832 0.0965807
3.88019 0.102694
3.89824 0.110625
3.91024 0.12541
3.91621 0.151094
3.91995 0.187554
3.91636 0.218743
3.91494 0.243618
3.91378 0.268495
3.90442 0.284827
3.8905 0.28722
3.87498 0.284647
3.86008 0.283113
3.84659 0.285718
3.83448 0.295851
3.82123 0.309063
3.80273 0.318397
3.7786 0.319091
3.75132 0.315773
3.7214 0.311964
3.69042 0.310332
3.657 0.311885
3.61995 0.315519
3.58016 0.319457
3.53864 0.323296
3.49722 0.327814
3.45431 0.335282
3.40765 0.345184
3.35617 0.355321
3.29961 0.360054
3.24146 0.359368
3.18302 0.356671
3.12578 0.355686
3.06889 0.359453
3.00893 0.364069
2.94618 0.371499
2.87942 0.375974
2.81014 0.37635
2.73868 0.378144
2.66609 0.381617
2.59261 0.383939
2.51295 0.387322
2.44223 0.398307
2.40163 0.415647
2.26485 0.0712283
2.30534 0.0652373
2.49974 0.0707313
2.54687 0.06452
2.62015 0.0652608
2.75793 0.070651
2.79362 0.0688452
2.84514 0.0650787
2.91094 0.0655262
2.98942 0.0651884
3.05742 0.0649582
3.13076 0.0660165
3.1974 0.0657984
3.2552 0.0640475
3.34555 0.065612
3.41412 0.063887
3.48686 0.0631444
3.55959 0.0601872
3.61417 0.0591539
3.67925 0.0589821
3.73693 0.0584685
3.79245 0.0631165
3.83384 0.0665078
3.8705 0.0668767
3.90162 0.0697017
3.93023 0.0655927
3.93427 0.0891717
3.93746 0.125546
3.93955 0.170942
3.93726 0.220858
3.93873 0.273372
3.9327 0.304787
3.9383 0.342398
3.9341 0.376058
3.919 0.379064
3.90158 0.37352
3.88454 0.3662
3.86765 0.358583
3.84935 0.358745
3.83092 0.362799
3.81199 0.361835
3.7899 0.355751
3.7631 0.347302
3.73205 0.339373
3.69832 0.333899
3.66303 0.331909
3.6234 0.334132
3.58088 0.337501
3.53702 0.341579
3.4931 0.346402
3.44745 0.353353
3.39688 0.363041
3.34315 0.371513
3.2848 0.374894
3.22427 0.373087
3.1623 0.370953
3.10059 0.372661
3.04163 0.376727
2.9763 0.385446
2.90537 0.392679
2.83392 0.39417
2.76101 0.394756
2.6883 0.396852
2.61661 0.398476
2.54652 0.398402
2.4834 0.412853
