0.06 0.06
0.06 0.09
0.06 0.12
0.06 0.15
0.06 0.18
0.06 0.21
0.06 0.24
0.06 0.27
0.06 0.3
0.06 0.33
0.06 0.36
0.06 0.39
0.06 0.42
0.06 0.45
0.06 0.48
0.06 0.51
0.06 0.54
0.06 0.57
0.06 0.6
0.06 0.63
0.06 0.66
0.06 0.69
0.06 0.72
0.06 0.75
0.06 0.78
0.06 0.81
0.06 0.84
0.06 0.87
0.06 0.9
0.06 0.93
0.06 0.96
0.06 0.99
0.06 1.02
0.06 1.05
0.06 1.08
0.06 1.11
0.06 1.14
0.06 1.17
0.06 1.2
0.06 1.23
0.06 1.26
0.06 1.29
0.06 1.32
0.06 1.35
0.06 1.38
0.06 1.41
0.06 1.44
0.06 1.47
0.06 1.5
0.06 1.53
0.06 1.56
0.06 1.59
0.06 1.62
0.06 1.65
0.06 1.68
0.06 1.71
0.06 1.74
0.06 1.77
0.06 1.8
0.06 1.83
0.06 1.86
0.06 1.89
0.06 1.92
0.06 1.95
0.06 1.98
0.06 2.01
0.09 0.06
0.09 0.09
0.09 0.12
0.09 0.15
0.09 0.18
0.09 0.21
0.09 0.24
0.09 0.27
0.09 0.3
0.09 0.33
0.09 0.36
0.09 0.39
0.09 0.42
0.09 0.45
0.09 0.48
0.09 0.51
0.09 0.54
0.09 0.57
0.09 0.6
0.09 0.63
0.09 0.66
0.09 0.69
0.09 0.72
0.09 0.75
0.09 0.78
0.09 0.81
0.09 0.84
0.09 0.87
0.09 0.9
0.09 0.93
0.09 0.96
0.09 0.99
0.09 1.02
0.09 1.05
0.09 1.08
0.09 1.11
0.09 1.14
0.09 1.17
0.09 1.2
0.09 1.23
0.09 1.26
0.09 1.29
0.09 1.32
0.09 1.35
0.09 1.38
0.09 1.41
0.09 1.44
0.09 1.47
0.09 1.5
0.09 1.53
0.09 1.56
0.09 1.59
0.09 1.62
0.09 1.65
0.09 1.68
0.09 1.71
0.09 1.74
0.09 1.77
0.09 1.8
0.09 1.83
0.09 1.86
0.09 1.89
0.09 1.92
0.09 1.95
0.09 1.98
0.09 2.01
0.12 0.06
0.12 0.09
0.12 0.12
0.12 0.15
0.12 0.18
0.12 0.21
0.12 0.24
0.12 0.27
0.12 0.3
0.12 0.33
0.12 0.36
0.12 0.39
0.12 0.42
0.12 0.45
0.12 0.48
0.12 0.51
0.12 0.54
0.12 0.57
0.12 0.6
0.12 0.63
0.12 0.66
0.12 0.69
0.12 0.72
0.12 0.75
0.12 0.78
0.12 0.81
0.12 0.84
0.12 0.87
0.12 0.9
0.12 0.93
0.12 0.96
0.12 0.99
0.12 1.02
0.12 1.05
0.12 1.08
0.12 1.11
0.12 1.14
0.12 1.17
0.12 1.2
0.12 1.23
0.12 1.26
0.12 1.29
0.12 1.32
0.12 1.35
0.12 1.38
0.12 1.41
0.12 1.44
0.12 1.47
0.12 1.5
0.12 1.53
0.12 1.56
0.12 1.59
0.12 1.62
0.12 1.65
0.12 1.68
0.12 1.71
0.12 1.74
0.12 1.77
0.12 1.8
0.12 1.83
0.12 1.86
0.12 1.89
0.12 1.92
0.12 1.95
0.12 1.98
0.12 2.01
0.15 0.06
0.15 0.09
0.15 0.12
0.15 0.15
0.15 0.18
0.15 0.21
0.15 0.24
0.15 0.27
0.15 0.3
0.15 0.33
0.15 0.36
0.15 0.39
0.15 0.42
0.15 0.45
0.15 0.48
0.15 0.51
0.15 0.54
0.15 0.57
0.15 0.6
0.15 0.63
0.15 0.66
0.15 0.69
0.15 0.72
0.15 0.75
0.15 0.78
0.15 0.81
0.15 0.84
0.15 0.87
0.15 0.9
0.15 0.93
0.15 0.96
0.15 0.99
0.15 1.02
0.15 1.05
0.15 1.08
0.15 1.11
0.15 1.14
0.15 1.17
0.15 1.2
0.15 1.23
0.15 1.26
0.15 1.29
0.15 1.32
0.15 1.35
0.15 1.38
0.15 1.41
0.15 1.44
0.15 1.47
0.15 1.5
0.15 1.53
0.15 1.56
0.15 1.59
0.15 1.62
0.15 1.65
0.15 1.68
0.15 1.71
0.15 1.74
0.15 1.77
0.15 1.8
0.15 1.83
0.15 1.86
0.15 1.89
0.15 1.92
0.15 1.95
0.15 1.98
0.15 2.01
0.18 0.06
0.18 0.09
0.18 0.12
0.18 0.15
0.18 0.18
0.18 0.21
0.18 0.24
0.18 0.27
0.18 0.3
0.18 0.33
0.18 0.36
0.18 0.39
0.18 0.42
0.18 0.45
0.18 0.48
0.18 0.51
0.18 0.54
0.18 0.57
0.18 0.6
0.18 0.63
0.18 0.66
0.18 0.69
0.18 0.72
0.18 0.75
0.18 0.78
0.18 0.81
0.18 0.84
0.18 0.87
0.18 0.9
0.18 0.93
0.18 0.96
0.18 0.99
0.18 1.02
0.18 1.05
0.18 1.08
0.18 1.11
0.18 1.14
0.18 1.17
0.18 1.2
0.18 1.23
0.18 1.26
0.18 1.29
0.18 1.32
0.18 1.35
0.18 1.38
0.18 1.41
0.18 1.44
0.18 1.47
0.18 1.5
0.18 1.53
0.18 1.56
0.18 1.59
0.18 1.62
0.18 1.65
0.18 1.68
0.18 1.71
0.18 1.74
0.18 1.77
0.18 1.8
0.18 1.83
0.18 1.86
0.18 1.89
0.18 1.92
0.18 1.95
0.18 1.98
0.18 2.01
0.21 0.06
0.21 0.09
0.21 0.12
0.21 0.15
0.21 0.18
0.21 0.21
0.21 0.24
0.21 0.27
0.21 0.3
0.21 0.33
0.21 0.36
0.21 0.39
0.21 0.42
0.21 0.45
0.21 0.48
0.21 0.51
0.21 0.54
0.21 0.57
0.21 0.6
0.21 0.63
0.21 0.66
0.21 0.69
0.21 0.72
0.21 0.75
0.21 0.78
0.21 0.81
0.21 0.84
0.21 0.87
0.21 0.9
0.21 0.93
0.21 0.96
0.21 0.99
0.21 1.02
0.21 1.05
0.21 1.08
0.21 1.11
0.21 1.14
0.21 1.17
0.21 1.2
0.21 1.23
0.21 1.26
0.21 1.29
0.21 1.32
0.21 1.35
0.21 1.38
0.21 1.41
0.21 1.44
0.21 1.47
0.21 1.5
0.21 1.53
0.21 1.56
0.21 1.59
0.21 1.62
0.21 1.65
0.21 1.68
0.21 1.71
0.21 1.74
0.21 1.77
0.21 1.8
0.21 1.83
0.21 1.86
0.21 1.89
0.21 1.92
0.21 1.95
0.21 1.98
0.21 2.01
0.24 0.06
0.24 0.09
0.24 0.12
0.24 0.15
0.24 0.18
0.24 0.21
0.24 0.24
0.24 0.27
0.24 0.3
0.24 0.33
0.24 0.36
0.24 0.39
0.24 0.42
0.24 0.45
0.24 0.48
0.24 0.51
0.24 0.54
0.24 0.57
0.24 0.6
0.24 0.63
0.24 0.66
0.24 0.69
0.24 0.72
0.24 0.75
0.24 0.78
0.24 0.81
0.24 0.84
0.24 0.87
0.24 0.9
0.24 0.93
0.24 0.96
0.24 0.99
0.24 1.02
0.24 1.05
0.24 1.08
0.24 1.11
0.24 1.14
0.24 1.17
0.24 1.2
0.24 1.23
0.24 1.26
0.24 1.29
0.24 1.32
0.24 1.35
0.24 1.38
0.24 1.41
0.24 1.44
0.24 1.47
0.24 1.5
0.24 1.53
0.24 1.56
0.24 1.59
0.24 1.62
0.24 1.65
0.24 1.68
0.24 1.71
0.24 1.74
0.24 1.77
0.24 1.8
0.24 1.83
0.24 1.86
0.24 1.89
0.24 1.92
0.24 1.95
0.24 1.98
0.24 2.01
0.27 0.06
0.27 0.09
0.27 0.12
0.27 0.15
0.27 0.18
0.27 0.21
0.27 0.24
0.27 0.27
0.27 0.3
0.27 0.33
0.27 0.36
0.27 0.39
0.27 0.42
0.27 0.45
0.27 0.48
0.27 0.51
0.27 0.54
0.27 0.57
0.27 0.6
0.27 0.63
0.27 0.66
0.27 0.69
0.27 0.72
0.27 0.75
0.27 0.78
0.27 0.81
0.27 0.84
0.27 0.87
0.27 0.9
0.27 0.93
0.27 0.96
0.27 0.99
0.27 1.02
0.27 1.05
0.27 1.08
0.27 1.11
0.27 1.14
0.27 1.17
0.27 1.2
0.27 1.23
0.27 1.26
0.27 1.29
0.27 1.32
0.27 1.35
0.27 1.38
0.27 1.41
0.27 1.44
0.27 1.47
0.27 1.5
0.27 1.53
0.27 1.56
0.27 1.59
0.27 1.62
0.27 1.65
0.27 1.68
0.27 1.71
0.27 1.74
0.27 1.77
0.27 1.8
0.27 1.83
0.27 1.86
0.27 1.89
0.27 1.92
0.27 1.95
0.27 1.98
0.27 2.01
0.3 0.06
0.3 0.09
0.3 0.12
0.3 0.15
0.3 0.18
0.3 0.21
0.3 0.24
0.3 0.27
0.3 0.3
0.3 0.33
0.3 0.36
0.3 0.39
0.3 0.42
0.3 0.45
0.3 0.48
0.3 0.51
0.3 0.54
0.3 0.57
0.3 0.6
0.3 0.63
0.3 0.66
0.3 0.69
0.3 0.72
0.3 0.75
0.3 0.78
0.3 0.81
0.3 0.84
0.3 0.87
0.3 0.9
0.3 0.93
0.3 0.96
0.3 0.99
0.3 1.02
0.3 1.05
0.3 1.08
0.3 1.11
0.3 1.14
0.3 1.17
0.3 1.2
0.3 1.23
0.3 1.26
0.3 1.29
0.3 1.32
0.3 1.35
0.3 1.38
0.3 1.41
0.3 1.44
0.3 1.47
0.3 1.5
0.3 1.53
0.3 1.56
0.3 1.59
0.3 1.62
0.3 1.65
0.3 1.68
0.3 1.71
0.3 1.74
0.3 1.77
0.3 1.8
0.3 1.83
0.3 1.86
0.3 1.89
0.3 1.92
0.3 1.95
0.3 1.98
0.3 2.01
0.33 0.06
0.33 0.09
0.33 0.12
0.33 0.15
0.33 0.18
0.33 0.21
0.33 0.24
0.33 0.27
0.33 0.3
0.33 0.33
0.33 0.36
0.33 0.39
0.33 0.42
0.33 0.45
0.33 0.48
0.33 0.51
0.33 0.54
0.33 0.57
0.33 0.6
0.33 0.63
0.33 0.66
0.33 0.69
0.33 0.72
0.33 0.75
0.33 0.78
0.33 0.81
0.33 0.84
0.33 0.87
0.33 0.9
0.33 0.93
0.33 0.96
0.33 0.99
0.33 1.02
0.33 1.05
0.33 1.08
0.33 1.11
0.33 1.14
0.33 1.17
0.33 1.2
0.33 1.23
0.33 1.26
0.33 1.29
0.33 1.32
0.33 1.35
0.33 1.38
0.33 1.41
0.33 1.44
0.33 1.47
0.33 1.5
0.33 1.53
0.33 1.56
0.33 1.59
0.33 1.62
0.33 1.65
0.33 1.68
0.33 1.71
0.33 1.74
0.33 1.77
0.33 1.8
0.33 1.83
0.33 1.86
0.33 1.89
0.33 1.92
0.33 1.95
0.33 1.98
0.33 2.01
0.36 0.06
0.36 0.09
0.36 0.12
0.36 0.15
0.36 0.18
0.36 0.21
0.36 0.24
0.36 0.27
0.36 0.3
0.36 0.33
0.36 0.36
0.36 0.39
0.36 0.42
0.36 0.45
0.36 0.48
0.36 0.51
0.36 0.54
0.36 0.57
0.36 0.6
0.36 0.63
0.36 0.66
0.36 0.69
0.36 0.72
0.36 0.75
0.36 0.78
0.36 0.81
0.36 0.84
0.36 0.87
0.36 0.9
0.36 0.93
0.36 0.96
0.36 0.99
0.36 1.02
0.36 1.05
0.36 1.08
0.36 1.11
0.36 1.14
0.36 1.17
0.36 1.2
0.36 1.23
0.36 1.26
0.36 1.29
0.36 1.32
0.36 1.35
0.36 1.38
0.36 1.41
0.36 1.44
0.36 1.47
0.36 1.5
0.36 1.53
0.36 1.56
0.36 1.59
0.36 1.62
0.36 1.65
0.36 1.68
0.36 1.71
0.36 1.74
0.36 1.77
0.36 1.8
0.36 1.83
0.36 1.86
0.36 1.89
0.36 1.92
0.36 1.95
0.36 1.98
0.36 2.01
0.39 0.06
0.39 0.09
0.39 0.12
0.39 0.15
0.39 0.18
0.39 0.21
0.39 0.24
0.39 0.27
0.39 0.3
0.39 0.33
0.39 0.36
0.39 0.39
0.39 0.42
0.39 0.45
0.39 0.48
0.39 0.51
0.39 0.54
0.39 0.57
0.39 0.6
0.39 0.63
0.39 0.66
0.39 0.69
0.39 0.72
0.39 0.75
0.39 0.78
0.39 0.81
0.39 0.84
0.39 0.87
0.39 0.9
0.39 0.93
0.39 0.96
0.39 0.99
0.39 1.02
0.39 1.05
0.39 1.08
0.39 1.11
0.39 1.14
0.39 1.17
0.39 1.2
0.39 1.23
0.39 1.26
0.39 1.29
0.39 1.32
0.39 1.35
0.39 1.38
0.39 1.41
0.39 1.44
0.39 1.47
0.39 1.5
0.39 1.53
0.39 1.56
0.39 1.59
0.39 1.62
0.39 1.65
0.39 1.68
0.39 1.71
0.39 1.74
0.39 1.77
0.39 1.8
0.39 1.83
0.39 1.86
0.39 1.89
0.39 1.92
0.39 1.95
0.39 1.98
0.39 2.01
0.42 0.06
0.42 0.09
0.42 0.12
0.42 0.15
0.42 0.18
0.42 0.21
0.42 0.24
0.42 0.27
0.42 0.3
0.42 0.33
0.42 0.36
0.42 0.39
0.42 0.42
0.42 0.45
0.42 0.48
0.42 0.51
0.42 0.54
0.42 0.57
0.42 0.6
0.42 0.63
0.42 0.66
0.42 0.69
0.42 0.72
0.42 0.75
0.42 0.78
0.42 0.81
0.42 0.84
0.42 0.87
0.42 0.9
0.42 0.93
0.42 0.96
0.42 0.99
0.42 1.02
0.42 1.05
0.42 1.08
0.42 1.11
0.42 1.14
0.42 1.17
0.42 1.2
0.42 1.23
0.42 1.26
0.42 1.29
0.42 1.32
0.42 1.35
0.42 1.38
0.42 1.41
0.42 1.44
0.42 1.47
0.42 1.5
0.42 1.53
0.42 1.56
0.42 1.59
0.42 1.62
0.42 1.65
0.42 1.68
0.42 1.71
0.42 1.74
0.42 1.77
0.42 1.8
0.42 1.83
0.42 1.86
0.42 1.89
0.42 1.92
0.42 1.95
0.42 1.98
0.42 2.01
0.45 0.06
0.45 0.09
0.45 0.12
0.45 0.15
0.45 0.18
0.45 0.21
0.45 0.24
0.45 0.27
0.45 0.3
0.45 0.33
0.45 0.36
0.45 0.39
0.45 0.42
0.45 0.45
0.45 0.48
0.45 0.51
0.45 0.54
0.45 0.57
0.45 0.6
0.45 0.63
0.45 0.66
0.45 0.69
0.45 0.72
0.45 0.75
0.45 0.78
0.45 0.81
0.45 0.84
0.45 0.87
0.45 0.9
0.45 0.93
0.45 0.96
0.45 0.99
0.45 1.02
0.45 1.05
0.45 1.08
0.45 1.11
0.45 1.14
0.45 1.17
0.45 1.2
0.45 1.23
0.45 1.26
0.45 1.29
0.45 1.32
0.45 1.35
0.45 1.38
0.45 1.41
0.45 1.44
0.45 1.47
0.45 1.5
0.45 1.53
0.45 1.56
0.45 1.59
0.45 1.62
0.45 1.65
0.45 1.68
0.45 1.71
0.45 1.74
0.45 1.77
0.45 1.8
0.45 1.83
0.45 1.86
0.45 1.89
0.45 1.92
0.45 1.95
0.45 1.98
0.45 2.01
0.48 0.06
0.48 0.09
0.48 0.12
0.48 0.15
0.48 0.18
0.48 0.21
0.48 0.24
0.48 0.27
0.48 0.3
0.48 0.33
0.48 0.36
0.48 0.39
0.48 0.42
0.48 0.45
0.48 0.48
0.48 0.51
0.48 0.54
0.48 0.57
0.48 0.6
0.48 0.63
0.48 0.66
0.48 0.69
0.48 0.72
0.48 0.75
0.48 0.78
0.48 0.81
0.48 0.84
0.48 0.87
0.48 0.9
0.48 0.93
0.48 0.96
0.48 0.99
0.48 1.02
0.48 1.05
0.48 1.08
0.48 1.11
0.48 1.14
0.48 1.17
0.48 1.2
0.48 1.23
0.48 1.26
0.48 1.29
0.48 1.32
0.48 1.35
0.48 1.38
0.48 1.41
0.48 1.44
0.48 1.47
0.48 1.5
0.48 1.53
0.48 1.56
0.48 1.59
0.48 1.62
0.48 1.65
0.48 1.68
0.48 1.71
0.48 1.74
0.48 1.77
0.48 1.8
0.48 1.83
0.48 1.86
0.48 1.89
0.48 1.92
0.48 1.95
0.48 1.98
0.48 2.01
0.51 0.06
0.51 0.09
0.51 0.12
0.51 0.15
0.51 0.18
0.51 0.21
0.51 0.24
0.51 0.27
0.51 0.3
0.51 0.33
0.51 0.36
0.51 0.39
0.51 0.42
0.51 0.45
0.51 0.48
0.51 0.51
0.51 0.54
0.51 0.57
0.51 0.6
0.51 0.63
0.51 0.66
0.51 0.69
0.51 0.72
0.51 0.75
0.51 0.78
0.51 0.81
0.51 0.84
0.51 0.87
0.51 0.9
0.51 0.93
0.51 0.96
0.51 0.99
0.51 1.02
0.51 1.05
0.51 1.08
0.51 1.11
0.51 1.14
0.51 1.17
0.51 1.2
0.51 1.23
0.51 1.26
0.51 1.29
0.51 1.32
0.51 1.35
0.51 1.38
0.51 1.41
0.51 1.44
0.51 1.47
0.51 1.5
0.51 1.53
0.51 1.56
0.51 1.59
0.51 1.62
0.51 1.65
0.51 1.68
0.51 1.71
0.51 1.74
0.51 1.77
0.51 1.8
0.51 1.83
0.51 1.86
0.51 1.89
0.51 1.92
0.51 1.95
0.51 1.98
0.51 2.01
0.54 0.06
0.54 0.09
0.54 0.12
0.54 0.15
0.54 0.18
0.54 0.21
0.54 0.24
0.54 0.27
0.54 0.3
0.54 0.33
0.54 0.36
0.54 0.39
0.54 0.42
0.54 0.45
0.54 0.48
0.54 0.51
0.54 0.54
0.54 0.57
0.54 0.6
0.54 0.63
0.54 0.66
0.54 0.69
0.54 0.72
0.54 0.75
0.54 0.78
0.54 0.81
0.54 0.84
0.54 0.87
0.54 0.9
0.54 0.93
0.54 0.96
0.54 0.99
0.54 1.02
0.54 1.05
0.54 1.08
0.54 1.11
0.54 1.14
0.54 1.17
0.54 1.2
0.54 1.23
0.54 1.26
0.54 1.29
0.54 1.32
0.54 1.35
0.54 1.38
0.54 1.41
0.54 1.44
0.54 1.47
0.54 1.5
0.54 1.53
0.54 1.56
0.54 1.59
0.54 1.62
0.54 1.65
0.54 1.68
0.54 1.71
0.54 1.74
0.54 1.77
0.54 1.8
0.54 1.83
0.54 1.86
0.54 1.89
0.54 1.92
0.54 1.95
0.54 1.98
0.54 2.01
0.57 0.06
0.57 0.09
0.57 0.12
0.57 0.15
0.57 0.18
0.57 0.21
0.57 0.24
0.57 0.27
0.57 0.3
0.57 0.33
0.57 0.36
0.57 0.39
0.57 0.42
0.57 0.45
0.57 0.48
0.57 0.51
0.57 0.54
0.57 0.57
0.57 0.6
0.57 0.63
0.57 0.66
0.57 0.69
0.57 0.72
0.57 0.75
0.57 0.78
0.57 0.81
0.57 0.84
0.57 0.87
0.57 0.9
0.57 0.93
0.57 0.96
0.57 0.99
0.57 1.02
0.57 1.05
0.57 1.08
0.57 1.11
0.57 1.14
0.57 1.17
0.57 1.2
0.57 1.23
0.57 1.26
0.57 1.29
0.57 1.32
0.57 1.35
0.57 1.38
0.57 1.41
0.57 1.44
0.57 1.47
0.57 1.5
0.57 1.53
0.57 1.56
0.57 1.59
0.57 1.62
0.57 1.65
0.57 1.68
0.57 1.71
0.57 1.74
0.57 1.77
0.57 1.8
0.57 1.83
0.57 1.86
0.57 1.89
0.57 1.92
0.57 1.95
0.57 1.98
0.57 2.01
0.6 0.06
0.6 0.09
0.6 0.12
0.6 0.15
0.6 0.18
0.6 0.21
0.6 0.24
0.6 0.27
0.6 0.3
0.6 0.33
0.6 0.36
0.6 0.39
0.6 0.42
0.6 0.45
0.6 0.48
0.6 0.51
0.6 0.54
0.6 0.57
0.6 0.6
0.6 0.63
0.6 0.66
0.6 0.69
0.6 0.72
0.6 0.75
0.6 0.78
0.6 0.81
0.6 0.84
0.6 0.87
0.6 0.9
0.6 0.93
0.6 0.96
0.6 0.99
0.6 1.02
0.6 1.05
0.6 1.08
0.6 1.11
0.6 1.14
0.6 1.17
0.6 1.2
0.6 1.23
0.6 1.26
0.6 1.29
0.6 1.32
0.6 1.35
0.6 1.38
0.6 1.41
0.6 1.44
0.6 1.47
0.6 1.5
0.6 1.53
0.6 1.56
0.6 1.59
0.6 1.62
0.6 1.65
0.6 1.68
0.6 1.71
0.6 1.74
0.6 1.77
0.6 1.8
0.6 1.83
0.6 1.86
0.6 1.89
0.6 1.92
0.6 1.95
0.6 1.98
0.6 2.01
0.63 0.06
0.63 0.09
0.63 0.12
0.63 0.15
0.63 0.18
0.63 0.21
0.63 0.24
0.63 0.27
0.63 0.3
0.63 0.33
0.63 0.36
0.63 0.39
0.63 0.42
0.63 0.45
0.63 0.48
0.63 0.51
0.63 0.54
0.63 0.57
0.63 0.6
0.63 0.63
0.63 0.66
0.63 0.69
0.63 0.72
0.63 0.75
0.63 0.78
0.63 0.81
0.63 0.84
0.63 0.87
0.63 0.9
0.63 0.93
0.63 0.96
0.63 0.99
0.63 1.02
0.63 1.05
0.63 1.08
0.63 1.11
0.63 1.14
0.63 1.17
0.63 1.2
0.63 1.23
0.63 1.26
0.63 1.29
0.63 1.32
0.63 1.35
0.63 1.38
0.63 1.41
0.63 1.44
0.63 1.47
0.63 1.5
0.63 1.53
0.63 1.56
0.63 1.59
0.63 1.62
0.63 1.65
0.63 1.68
0.63 1.71
0.63 1.74
0.63 1.77
0.63 1.8
0.63 1.83
0.63 1.86
0.63 1.89
0.63 1.92
0.63 1.95
0.63 1.98
0.63 2.01
0.66 0.06
0.66 0.09
0.66 0.12
0.66 0.15
0.66 0.18
0.66 0.21
0.66 0.24
0.66 0.27
0.66 0.3
0.66 0.33
0.66 0.36
0.66 0.39
0.66 0.42
0.66 0.45
0.66 0.48
0.66 0.51
0.66 0.54
0.66 0.57
0.66 0.6
0.66 0.63
0.66 0.66
0.66 0.69
0.66 0.72
0.66 0.75
0.66 0.78
0.66 0.81
0.66 0.84
0.66 0.87
0.66 0.9
0.66 0.93
0.66 0.96
0.66 0.99
0.66 1.02
0.66 1.05
0.66 1.08
0.66 1.11
0.66 1.14
0.66 1.17
0.66 1.2
0.66 1.23
0.66 1.26
0.66 1.29
0.66 1.32
0.66 1.35
0.66 1.38
0.66 1.41
0.66 1.44
0.66 1.47
0.66 1.5
0.66 1.53
0.66 1.56
0.66 1.59
0.66 1.62
0.66 1.65
0.66 1.68
0.66 1.71
0.66 1.74
0.66 1.77
0.66 1.8
0.66 1.83
0.66 1.86
0.66 1.89
0.66 1.92
0.66 1.95
0.66 1.98
0.66 2.01
0.69 0.06
0.69 0.09
0.69 0.12
0.69 0.15
0.69 0.18
0.69 0.21
0.69 0.24
0.69 0.27
0.69 0.3
0.69 0.33
0.69 0.36
0.69 0.39
0.69 0.42
0.69 0.45
0.69 0.48
0.69 0.51
0.69 0.54
0.69 0.57
0.69 0.6
0.69 0.63
0.69 0.66
0.69 0.69
0.69 0.72
0.69 0.75
0.69 0.78
0.69 0.81
0.69 0.84
0.69 0.87
0.69 0.9
0.69 0.93
0.69 0.96
0.69 0.99
0.69 1.02
0.69 1.05
0.69 1.08
0.69 1.11
0.69 1.14
0.69 1.17
0.69 1.2
0.69 1.23
0.69 1.26
0.69 1.29
0.69 1.32
0.69 1.35
0.69 1.38
0.69 1.41
0.69 1.44
0.69 1.47
0.69 1.5
0.69 1.53
0.69 1.56
0.69 1.59
0.69 1.62
0.69 1.65
0.69 1.68
0.69 1.71
0.69 1.74
0.69 1.77
0.69 1.8
0.69 1.83
0.69 1.86
0.69 1.89
0.69 1.92
0.69 1.95
0.69 1.98
0.69 2.01
0.72 0.06
0.72 0.09
0.72 0.12
0.72 0.15
0.72 0.18
0.72 0.21
0.72 0.24
0.72 0.27
0.72 0.3
0.72 0.33
0.72 0.36
0.72 0.39
0.72 0.42
0.72 0.45
0.72 0.48
0.72 0.51
0.72 0.54
0.72 0.57
0.72 0.6
0.72 0.63
0.72 0.66
0.72 0.69
0.72 0.72
0.72 0.75
0.72 0.78
0.72 0.81
0.72 0.84
0.72 0.87
0.72 0.9
0.72 0.93
0.72 0.96
0.72 0.99
0.72 1.02
0.72 1.05
0.72 1.08
0.72 1.11
0.72 1.14
0.72 1.17
0.72 1.2
0.72 1.23
0.72 1.26
0.72 1.29
0.72 1.32
0.72 1.35
0.72 1.38
0.72 1.41
0.72 1.44
0.72 1.47
0.72 1.5
0.72 1.53
0.72 1.56
0.72 1.59
0.72 1.62
0.72 1.65
0.72 1.68
0.72 1.71
0.72 1.74
0.72 1.77
0.72 1.8
0.72 1.83
0.72 1.86
0.72 1.89
0.72 1.92
0.72 1.95
0.72 1.98
0.72 2.01
0.75 0.06
0.75 0.09
0.75 0.12
0.75 0.15
0.75 0.18
0.75 0.21
0.75 0.24
0.75 0.27
0.75 0.3
0.75 0.33
0.75 0.36
0.75 0.39
0.75 0.42
0.75 0.45
0.75 0.48
0.75 0.51
0.75 0.54
0.75 0.57
0.75 0.6
0.75 0.63
0.75 0.66
0.75 0.69
0.75 0.72
0.75 0.75
0.75 0.78
0.75 0.81
0.75 0.84
0.75 0.87
0.75 0.9
0.75 0.93
0.75 0.96
0.75 0.99
0.75 1.02
0.75 1.05
0.75 1.08
0.75 1.11
0.75 1.14
0.75 1.17
0.75 1.2
0.75 1.23
0.75 1.26
0.75 1.29
0.75 1.32
0.75 1.35
0.75 1.38
0.75 1.41
0.75 1.44
0.75 1.47
0.75 1.5
0.75 1.53
0.75 1.56
0.75 1.59
0.75 1.62
0.75 1.65
0.75 1.68
0.75 1.71
0.75 1.74
0.75 1.77
0.75 1.8
0.75 1.83
0.75 1.86
0.75 1.89
0.75 1.92
0.75 1.95
0.75 1.98
0.75 2.01
0.78 0.06
0.78 0.09
0.78 0.12
0.78 0.15
0.78 0.18
0.78 0.21
0.78 0.24
0.78 0.27
0.78 0.3
0.78 0.33
0.78 0.36
0.78 0.39
0.78 0.42
0.78 0.45
0.78 0.48
0.78 0.51
0.78 0.54
0.78 0.57
0.78 0.6
0.78 0.63
0.78 0.66
0.78 0.69
0.78 0.72
0.78 0.75
0.78 0.78
0.78 0.81
0.78 0.84
0.78 0.87
0.78 0.9
0.78 0.93
0.78 0.96
0.78 0.99
0.78 1.02
0.78 1.05
0.78 1.08
0.78 1.11
0.78 1.14
0.78 1.17
0.78 1.2
0.78 1.23
0.78 1.26
0.78 1.29
0.78 1.32
0.78 1.35
0.78 1.38
0.78 1.41
0.78 1.44
0.78 1.47
0.78 1.5
0.78 1.53
0.78 1.56
0.78 1.59
0.78 1.62
0.78 1.65
0.78 1.68
0.78 1.71
0.78 1.74
0.78 1.77
0.78 1.8
0.78 1.83
0.78 1.86
0.78 1.89
0.78 1.92
0.78 1.95
0.78 1.98
0.78 2.01
0.81 0.06
0.81 0.09
0.81 0.12
0.81 0.15
0.81 0.18
0.81 0.21
0.81 0.24
0.81 0.27
0.81 0.3
0.81 0.33
0.81 0.36
0.81 0.39
0.81 0.42
0.81 0.45
0.81 0.48
0.81 0.51
0.81 0.54
0.81 0.57
0.81 0.6
0.81 0.63
0.81 0.66
0.81 0.69
0.81 0.72
0.81 0.75
0.81 0.78
0.81 0.81
0.81 0.84
0.81 0.87
0.81 0.9
0.81 0.93
0.81 0.96
0.81 0.99
0.81 1.02
0.81 1.05
0.81 1.08
0.81 1.11
0.81 1.14
0.81 1.17
0.81 1.2
0.81 1.23
0.81 1.26
0.81 1.29
0.81 1.32
0.81 1.35
0.81 1.38
0.81 1.41
0.81 1.44
0.81 1.47
0.81 1.5
0.81 1.53
0.81 1.56
0.81 1.59
0.81 1.62
0.81 1.65
0.81 1.68
0.81 1.71
0.81 1.74
0.81 1.77
0.81 1.8
0.81 1.83
0.81 1.86
0.81 1.89
0.81 1.92
0.81 1.95
0.81 1.98
0.81 2.01
0.84 0.06
0.84 0.09
0.84 0.12
0.84 0.15
0.84 0.18
0.84 0.21
0.84 0.24
0.84 0.27
0.84 0.3
0.84 0.33
0.84 0.36
0.84 0.39
0.84 0.42
0.84 0.45
0.84 0.48
0.84 0.51
0.84 0.54
0.84 0.57
0.84 0.6
0.84 0.63
0.84 0.66
0.84 0.69
0.84 0.72
0.84 0.75
0.84 0.78
0.84 0.81
0.84 0.84
0.84 0.87
0.84 0.9
0.84 0.93
0.84 0.96
0.84 0.99
0.84 1.02
0.84 1.05
0.84 1.08
0.84 1.11
0.84 1.14
0.84 1.17
0.84 1.2
0.84 1.23
0.84 1.26
0.84 1.29
0.84 1.32
0.84 1.35
0.84 1.38
0.84 1.41
0.84 1.44
0.84 1.47
0.84 1.5
0.84 1.53
0.84 1.56
0.84 1.59
0.84 1.62
0.84 1.65
0.84 1.68
0.84 1.71
0.84 1.74
0.84 1.77
0.84 1.8
0.84 1.83
0.84 1.86
0.84 1.89
0.84 1.92
0.84 1.95
0.84 1.98
0.84 2.01
0.87 0.06
0.87 0.09
0.87 0.12
0.87 0.15
0.87 0.18
0.87 0.21
0.87 0.24
0.87 0.27
0.87 0.3
0.87 0.33
0.87 0.36
0.87 0.39
0.87 0.42
0.87 0.45
0.87 0.48
0.87 0.51
0.87 0.54
0.87 0.57
0.87 0.6
0.87 0.63
0.87 0.66
0.87 0.69
0.87 0.72
0.87 0.75
0.87 0.78
0.87 0.81
0.87 0.84
0.87 0.87
0.87 0.9
0.87 0.93
0.87 0.96
0.87 0.99
0.87 1.02
0.87 1.05
0.87 1.08
0.87 1.11
0.87 1.14
0.87 1.17
0.87 1.2
0.87 1.23
0.87 1.26
0.87 1.29
0.87 1.32
0.87 1.35
0.87 1.38
0.87 1.41
0.87 1.44
0.87 1.47
0.87 1.5
0.87 1.53
0.87 1.56
0.87 1.59
0.87 1.62
0.87 1.65
0.87 1.68
0.87 1.71
0.87 1.74
0.87 1.77
0.87 1.8
0.87 1.83
0.87 1.86
0.87 1.89
0.87 1.92
0.87 1.95
0.87 1.98
0.87 2.01
0.9 0.06
0.9 0.09
0.9 0.12
0.9 0.15
0.9 0.18
0.9 0.21
0.9 0.24
0.9 0.27
0.9 0.3
0.9 0.33
0.9 0.36
0.9 0.39
0.9 0.42
0.9 0.45
0.9 0.48
0.9 0.51
0.9 0.54
0.9 0.57
0.9 0.6
0.9 0.63
0.9 0.66
0.9 0.69
0.9 0.72
0.9 0.75
0.9 0.78
0.9 0.81
0.9 0.84
0.9 0.87
0.9 0.9
0.9 0.93
0.9 0.96
0.9 0.99
0.9 1.02
0.9 1.05
0.9 1.08
0.9 1.11
0.9 1.14
0.9 1.17
0.9 1.2
0.9 1.23
0.9 1.26
0.9 1.29
0.9 1.32
0.9 1.35
0.9 1.38
0.9 1.41
0.9 1.44
0.9 1.47
0.9 1.5
0.9 1.53
0.9 1.56
0.9 1.59
0.9 1.62
0.9 1.65
0.9 1.68
0.9 1.71
0.9 1.74
0.9 1.77
0.9 1.8
0.9 1.83
0.9 1.86
0.9 1.89
0.9 1.92
0.9 1.95
0.9 1.98
0.9 2.01
0.93 0.06
0.93 0.09
0.93 0.12
0.93 0.15
0.93 0.18
0.93 0.21
0.93 0.24
0.93 0.27
0.93 0.3
0.93 0.33
0.93 0.36
0.93 0.39
0.93 0.42
0.93 0.45
0.93 0.48
0.93 0.51
0.93 0.54
0.93 0.57
0.93 0.6
0.93 0.63
0.93 0.66
0.93 0.69
0.93 0.72
0.93 0.75
0.93 0.78
0.93 0.81
0.93 0.84
0.93 0.87
0.93 0.9
0.93 0.93
0.93 0.96
0.93 0.99
0.93 1.02
0.93 1.05
0.93 1.08
0.93 1.11
0.93 1.14
0.93 1.17
0.93 1.2
0.93 1.23
0.93 1.26
0.93 1.29
0.93 1.32
0.93 1.35
0.93 1.38
0.93 1.41
0.93 1.44
0.93 1.47
0.93 1.5
0.93 1.53
0.93 1.56
0.93 1.59
0.93 1.62
0.93 1.65
0.93 1.68
0.93 1.71
0.93 1.74
0.93 1.77
0.93 1.8
0.93 1.83
0.93 1.86
0.93 1.89
0.93 1.92
0.93 1.95
0.93 1.98
0.93 2.01
0.96 0.06
0.96 0.09
0.96 0.12
0.96 0.15
0.96 0.18
0.96 0.21
0.96 0.24
0.96 0.27
0.96 0.3
0.96 0.33
0.96 0.36
0.96 0.39
0.96 0.42
0.96 0.45
0.96 0.48
0.96 0.51
0.96 0.54
0.96 0.57
0.96 0.6
0.96 0.63
0.96 0.66
0.96 0.69
0.96 0.72
0.96 0.75
0.96 0.78
0.96 0.81
0.96 0.84
0.96 0.87
0.96 0.9
0.96 0.93
0.96 0.96
0.96 0.99
0.96 1.02
0.96 1.05
0.96 1.08
0.96 1.11
0.96 1.14
0.96 1.17
0.96 1.2
0.96 1.23
0.96 1.26
0.96 1.29
0.96 1.32
0.96 1.35
0.96 1.38
0.96 1.41
0.96 1.44
0.96 1.47
0.96 1.5
0.96 1.53
0.96 1.56
0.96 1.59
0.96 1.62
0.96 1.65
0.96 1.68
0.96 1.71
0.96 1.74
0.96 1.77
0.96 1.8
0.96 1.83
0.96 1.86
0.96 1.89
0.96 1.92
0.96 1.95
0.96 1.98
0.96 2.01
0.99 0.06
0.99 0.09
0.99 0.12
0.99 0.15
0.99 0.18
0.99 0.21
0.99 0.24
0.99 0.27
0.99 0.3
0.99 0.33
0.99 0.36
0.99 0.39
0.99 0.42
0.99 0.45
0.99 0.48
0.99 0.51
0.99 0.54
0.99 0.57
0.99 0.6
0.99 0.63
0.99 0.66
0.99 0.69
0.99 0.72
0.99 0.75
0.99 0.78
0.99 0.81
0.99 0.84
0.99 0.87
0.99 0.9
0.99 0.93
0.99 0.96
0.99 0.99
0.99 1.02
0.99 1.05
0.99 1.08
0.99 1.11
0.99 1.14
0.99 1.17
0.99 1.2
0.99 1.23
0.99 1.26
0.99 1.29
0.99 1.32
0.99 1.35
0.99 1.38
0.99 1.41
0.99 1.44
0.99 1.47
0.99 1.5
0.99 1.53
0.99 1.56
0.99 1.59
0.99 1.62
0.99 1.65
0.99 1.68
0.99 1.71
0.99 1.74
0.99 1.77
0.99 1.8
0.99 1.83
0.99 1.86
0.99 1.89
0.99 1.92
0.99 1.95
0.99 1.98
0.99 2.01
1.02 0.06
1.02 0.09
1.02 0.12
1.02 0.15
1.02 0.18
1.02 0.21
1.02 0.24
1.02 0.27
1.02 0.3
1.02 0.33
1.02 0.36
1.02 0.39
1.02 0.42
1.02 0.45
1.02 0.48
1.02 0.51
1.02 0.54
1.02 0.57
1.02 0.6
1.02 0.63
1.02 0.66
1.02 0.69
1.02 0.72
1.02 0.75
1.02 0.78
1.02 0.81
1.02 0.84
1.02 0.87
1.02 0.9
1.02 0.93
1.02 0.96
1.02 0.99
1.02 1.02
1.02 1.05
1.02 1.08
1.02 1.11
1.02 1.14
1.02 1.17
1.02 1.2
1.02 1.23
1.02 1.26
1.02 1.29
1.02 1.32
1.02 1.35
1.02 1.38
1.02 1.41
1.02 1.44
1.02 1.47
1.02 1.5
1.02 1.53
1.02 1.56
1.02 1.59
1.02 1.62
1.02 1.65
1.02 1.68
1.02 1.71
1.02 1.74
1.02 1.77
1.02 1.8
1.02 1.83
1.02 1.86
1.02 1.89
1.02 1.92
1.02 1.95
1.02 1.98
1.02 2.01
0 0
0.03 0
0.06 0
0.09 0
0.12 0
0.15 0
0.18 0
0.21 0
0.24 0
0.27 0
0.3 0
0.33 0
0.36 0
0.39 0
0.42 0
0.45 0
0.48 0
0.51 0
0.54 0
0.57 0
0.6 0
0.63 0
0.66 0
0.69 0
0.72 0
0.75 0
0.78 0
0.81 0
0.84 0
0.87 0
0.9 0
0.93 0
0.96 0
0.99 0
1.02 0
1.05 0
1.08 0
1.11 0
1.14 0
1.17 0
1.2 0
1.23 0
1.26 0
1.29 0
1.32 0
1.35 0
1.38 0
1.41 0
1.44 0
1.47 0
1.5 0
1.53 0
1.56 0
1.59 0
1.62 0
1.65 0
1.68 0
1.71 0
1.74 0
1.77 0
1.8 0
1.83 0
1.86 0
1.89 0
1.92 0
1.95 0
1.98 0
2.01 0
2.04 0
2.07 0
2.1 0
2.13 0
2.16 0
2.19 0
2.22 0
2.25 0
2.28 0
2.31 0
2.34 0
2.37 0
2.4 0
2.43 0
2.46 0
2.49 0
2.52 0
2.55 0
2.58 0
2.61 0
2.64 0
2.67 0
2.7 0
2.73 0
2.76 0
2.79 0
2.82 0
2.85 0
2.88 0
2.91 0
2.94 0
2.97 0
3 0
3.03 0
3.06 0
3.09 0
3.12 0
3.15 0
3.18 0
3.21 0
3.24 0
3.27 0
3.3 0
3.33 0
3.36 0
3.39 0
3.42 0
3.45 0
3.48 0
3.51 0
3.54 0
3.57 0
3.6 0
3.63 0
3.66 0
3.69 0
3.72 0
3.75 0
3.78 0
3.81 0
3.84 0
3.87 0
3.9 0
3.93 0
3.96 0
3.99 0
4.02 0
-0.015 0.03
0.015 0.03
0.045 0.03
0.075 0.03
0.105 0.03
0.135 0.03
0.165 0.03
0.195 0.03
0.225 0.03
0.255 0.03
0.285 0.03
0.315 0.03
0.345 0.03
0.375 0.03
0.405 0.03
0.435 0.03
0.465 0.03
0.495 0.03
0.525 0.03
0.555 0.03
0.585 0.03
0.615 0.03
0.645 0.03
0.675 0.03
0.705 0.03
0.735 0.03
0.765 0.03
0.795 0.03
0.825 0.03
0.855 0.03
0.885 0.03
0.915 0.03
0.945 0.03
0.975 0.03
1.005 0.03
1.035 0.03
1.065 0.03
1.095 0.03
1.125 0.03
1.155 0.03
1.185 0.03
1.215 0.03
1.245 0.03
1.275 0.03
1.305 0.03
1.335 0.03
1.365 0.03
1.395 0.03
1.425 0.03
1.455 0.03
1.485 0.03
1.515 0.03
1.545 0.03
1.575 0.03
1.605 0.03
1.635 0.03
1.665 0.03
1.695 0.03
1.725 0.03
1.755 0.03
1.785 0.03
1.815 0.03
1.845 0.03
1.875 0.03
1.905 0.03
1.935 0.03
1.965 0.03
1.995 0.03
2.025 0.03
2.055 0.03
2.085 0.03
2.115 0.03
2.145 0.03
2.175 0.03
2.205 0.03
2.235 0.03
2.265 0.03
2.295 0.03
2.325 0.03
2.355 0.03
2.385 0.03
2.415 0.03
2.445 0.03
2.475 0.03
2.505 0.03
2.535 0.03
2.565 0.03
2.595 0.03
2.625 0.03
2.655 0.03
2.685 0.03
2.715 0.03
2.745 0.03
2.775 0.03
2.805 0.03
2.835 0.03
2.865 0.03
2.895 0.03
2.925 0.03
2.955 0.03
2.985 0.03
3.015 0.03
3.045 0.03
3.075 0.03
3.105 0.03
3.135 0.03
3.165 0.03
3.195 0.03
3.225 0.03
3.255 0.03
3.285 0.03
3.315 0.03
3.345 0.03
3.375 0.03
3.405 0.03
3.435 0.03
3.465 0.03
3.495 0.03
3.525 0.03
3.555 0.03
3.585 0.03
3.615 0.03
3.645 0.03
3.675 0.03
3.705 0.03
3.735 0.03
3.765 0.03
3.795 0.03
3.825 0.03
3.855 0.03
3.885 0.03
3.915 0.03
3.945 0.03
3.975 0.03
4.005 0.03
4.035 0.03
0 0.03
0 0.06
0 0.09
0 0.12
0 0.15
0 0.18
0 0.21
0 0.24
0 0.27
0 0.3
0 0.33
0 0.36
0 0.39
0 0.42
0 0.45
0 0.48
0 0.51
0 0.54
0 0.57
0 0.6
0 0.63
0 0.66
0 0.69
0 0.72
0 0.75
0 0.78
0 0.81
0 0.84
0 0.87
0 0.9
0 0.93
0 0.96
0 0.99
0 1.02
0 1.05
0 1.08
0 1.11
0 1.14
0 1.17
0 1.2
0 1.23
0 1.26
0 1.29
0 1.32
0 1.35
0 1.38
0 1.41
0 1.44
0 1.47
0 1.5
0 1.53
0 1.56
0 1.59
0 1.62
0 1.65
0 1.68
0 1.71
0 1.74
0 1.77
0 1.8
0 1.83
0 1.86
0 1.89
0 1.92
0 1.95
0 1.98
0 2.01
0 2.04
0 2.07
0 2.1
0 2.13
0 2.16
0 2.19
0 2.22
0 2.25
0 2.28
0 2.31
0 2.34
0 2.37
0 2.4
0 2.43
0 2.46
0 2.49
0 2.52
0 2.55
0 2.58
0 2.61
0 2.64
0 2.67
0 2.7
0 2.73
0 2.76
0 2.79
0 2.82
0 2.85
0 2.88
0 2.91
0 2.94
0 2.97
0 3
0 3.03
0 3.06
0 3.09
0 3.12
0 3.15
0 3.18
0 3.21
0 3.24
0 3.27
0 3.3
0 3.33
0 3.36
0 3.39
0 3.42
0 3.45
0 3.48
0 3.51
0 3.54
0 3.57
0 3.6
0 3.63
0 3.66
0 3.69
0 3.72
0 3.75
0 3.78
0 3.81
0 3.84
0 3.87
0 3.9
0 3.93
0 3.96
0 3.99
0 4.02
0.03 0.045
0.03 0.075
0.03 0.105
0.03 0.135
0.03 0.165
0.03 0.195
0.03 0.225
0.03 0.255
0.03 0.285
0.03 0.315
0.03 0.345
0.03 0.375
0.03 0.405
0.03 0.435
0.03 0.465
0.03 0.495
0.03 0.525
0.03 0.555
0.03 0.585
0.03 0.615
0.03 0.645
0.03 0.675
0.03 0.705
0.03 0.735
0.03 0.765
0.03 0.795
0.03 0.825
0.03 0.855
0.03 0.885
0.03 0.915
0.03 0.945
0.03 0.975
0.03 1.005
0.03 1.035
0.03 1.065
0.03 1.095
0.03 1.125
0.03 1.155
0.03 1.185
0.03 1.215
0.03 1.245
0.03 1.275
0.03 1.305
0.03 1.335
0.03 1.365
0.03 1.395
0.03 1.425
0.03 1.455
0.03 1.485
0.03 1.515
0.03 1.545
0.03 1.575
0.03 1.605
0.03 1.635
0.03 1.665
0.03 1.695
0.03 1.725
0.03 1.755
0.03 1.785
0.03 1.815
0.03 1.845
0.03 1.875
0.03 1.905
0.03 1.935
0.03 1.965
0.03 1.995
0.03 2.025
0.03 2.055
0.03 2.085
0.03 2.115
0.03 2.145
0.03 2.175
0.03 2.205
0.03 2.235
0.03 2.265
0.03 2.295
0.03 2.325
0.03 2.355
0.03 2.385
0.03 2.415
0.03 2.445
0.03 2.475
0.03 2.505
0.03 2.535
0.03 2.565
0.03 2.595
0.03 2.625
0.03 2.655
0.03 2.685
0.03 2.715
0.03 2.745
0.03 2.775
0.03 2.805
0.03 2.835
0.03 2.865
0.03 2.895
0.03 2.925
0.03 2.955
0.03 2.985
0.03 3.015
0.03 3.045
0.03 3.075
0.03 3.105
0.03 3.135
0.03 3.165
0.03 3.195
0.03 3.225
0.03 3.255
0.03 3.285
0.03 3.315
0.03 3.345
0.03 3.375
0.03 3.405
0.03 3.435
0.03 3.465
0.03 3.495
0.03 3.525
0.03 3.555
0.03 3.585
0.03 3.615
0.03 3.645
0.03 3.675
0.03 3.705
0.03 3.735
0.03 3.765
0.03 3.795
0.03 3.825
0.03 3.855
0.03 3.885
0.03 3.915
0.03 3.945
0.03 3.975
0.03 4.005
0.03 4.035
4 0.03
4 0.06
4 0.09
4 0.12
4 0.15
4 0.18
4 0.21
4 0.24
4 0.27
4 0.3
4 0.33
4 0.36
4 0.39
4 0.42
4 0.45
4 0.48
4 0.51
4 0.54
4 0.57
4 0.6
4 0.63
4 0.66
4 0.69
4 0.72
4 0.75
4 0.78
4 0.81
4 0.84
4 0.87
4 0.9
4 0.93
4 0.96
4 0.99
4 1.02
4 1.05
4 1.08
4 1.11
4 1.14
4 1.17
4 1.2
4 1.23
4 1.26
4 1.29
4 1.32
4 1.35
4 1.38
4 1.41
4 1.44
4 1.47
4 1.5
4 1.53
4 1.56
4 1.59
4 1.62
4 1.65
4 1.68
4 1.71
4 1.74
4 1.77
4 1.8
4 1.83
4 1.86
4 1.89
4 1.92
4 1.95
4 1.98
4 2.01
4 2.04
4 2.07
4 2.1
4 2.13
4 2.16
4 2.19
4 2.22
4 2.25
4 2.28
4 2.31
4 2.34
4 2.37
4 2.4
4 2.43
4 2.46
4 2.49
4 2.52
4 2.55
4 2.58
4 2.61
4 2.64
4 2.67
4 2.7
4 2.73
4 2.76
4 2.79
4 2.82
4 2.85
4 2.88
4 2.91
4 2.94
4 2.97
4 3
4 3.03
4 3.06
4 3.09
4 3.12
4 3.15
4 3.18
4 3.21
4 3.24
4 3.27
4 3.3
4 3.33
4 3.36
4 3.39
4 3.42
4 3.45
4 3.48
4 3.51
4 3.54
4 3.57
4 3.6
4 3.63
4 3.66
4 3.69
4 3.72
4 3.75
4 3.78
4 3.81
4 3.84
4 3.87
4 3.9
4 3.93
4 3.96
4 3.99
4 4.02
3.97 0.045
3.97 0.075
3.97 0.105
3.97 0.135
3.97 0.165
3.97 0.195
3.97 0.225
3.97 0.255
3.97 0.285
3.97 0.315
3.97 0.345
3.97 0.375
3.97 0.405
3.97 0.435
3.97 0.465
3.97 0.495
3.97 0.525
3.97 0.555
3.97 0.585
3.97 0.615
3.97 0.645
3.97 0.675
3.97 0.705
3.97 0.735
3.97 0.765
3.97 0.795
3.97 0.825
3.97 0.855
3.97 0.885
3.97 0.915
3.97 0.945
3.97 0.975
3.97 1.005
3.97 1.035
3.97 1.065
3.97 1.095
3.97 1.125
3.97 1.155
3.97 1.185
3.97 1.215
3.97 1.245
3.97 1.275
3.97 1.305
3.97 1.335
3.97 1.365
3.97 1.395
3.97 1.425
3.97 1.455
3.97 1.485
3.97 1.515
3.97 1.545
3.97 1.575
3.97 1.605
3.97 1.635
3.97 1.665
3.97 1.695
3.97 1.725
3.97 1.755
3.97 1.785
3.97 1.815
3.97 1.845
3.97 1.875
3.97 1.905
3.97 1.935
3.97 1.965
3.97 1.995
3.97 2.025
3.97 2.055
3.97 2.085
3.97 2.115
3.97 2.145
3.97 2.175
3.97 2.205
3.97 2.235
3.97 2.265
3.97 2.295
3.97 2.325
3.97 2.355
3.97 2.385
3.97 2.415
3.97 2.445
3.97 2.475
3.97 2.505
3.97 2.535
3.97 2.565
3.97 2.595
3.97 2.625
3.97 2.655
3.97 2.685
3.97 2.715
3.97 2.745
3.97 2.775
3.97 2.805
3.97 2.835
3.97 2.865
3.97 2.895
3.97 2.925
3.97 2.955
3.97 2.985
3.97 3.015
3.97 3.045
3.97 3.075
3.97 3.105
3.97 3.135
3.97 3.165
3.97 3.195
3.97 3.225
3.97 3.255
3.97 3.285
3.97 3.315
3.97 3.345
3.97 3.375
3.97 3.405
3.97 3.435
3.97 3.465
3.97 3.495
3.97 3.525
3.97 3.555
3.97 3.585
3.97 3.615
3.97 3.645
3.97 3.675
3.97 3.705
3.97 3.735
3.97 3.765
3.97 3.795
3.97 3.825
3.97 3.855
3.97 3.885
3.97 3.915
3.97 3.945
3.97 3.975
3.97 4.005
3.97 4.035
