1.25e-05 1.25e-05
1.25e-05 3.75e-05
1.25e-05 6.25e-05
1.25e-05 8.75e-05
1.25e-05 0.0001125
1.25e-05 0.0001375
1.25e-05 0.0001625
1.25e-05 0.0001875
1.25e-05 0.0002125
1.25e-05 0.0002375
1.25e-05 0.0002625
1.25e-05 0.0002875
1.25e-05 0.0003125
1.25e-05 0.0003375
1.25e-05 0.0003625
1.25e-05 0.0003875
1.25e-05 0.0004125
1.25e-05 0.0004375
1.25e-05 0.0004625
1.25e-05 0.0004875
1.25e-05 0.0005125
1.25e-05 0.0005375
1.25e-05 0.0005625
1.25e-05 0.0005875
1.25e-05 0.0006125
1.25e-05 0.0006375
1.25e-05 0.0006625
1.25e-05 0.0006875
1.25e-05 0.0007125
1.25e-05 0.0007375
1.25e-05 0.0007625
1.25e-05 0.0007875
1.25e-05 0.0008125
1.25e-05 0.0008375
1.25e-05 0.0008625
1.25e-05 0.0008875
1.25e-05 0.0009125
1.25e-05 0.0009375
1.25e-05 0.0009625
1.25e-05 0.0009875
3.75e-05 1.25e-05
3.75e-05 3.75e-05
3.75e-05 6.25e-05
3.75e-05 8.75e-05
3.75e-05 0.0001125
3.75e-05 0.0001375
3.75e-05 0.0001625
3.75e-05 0.0001875
3.75e-05 0.0002125
3.75e-05 0.0002375
3.75e-05 0.0002625
3.75e-05 0.0002875
3.75e-05 0.0003125
3.75e-05 0.0003375
3.75e-05 0.0003625
3.75e-05 0.0003875
3.75e-05 0.0004125
3.75e-05 0.0004375
3.75e-05 0.0004625
3.75e-05 0.0004875
3.75e-05 0.0005125
3.75e-05 0.0005375
3.75e-05 0.0005625
3.75e-05 0.0005875
3.75e-05 0.0006125
3.75e-05 0.0006375
3.75e-05 0.0006625
3.75e-05 0.0006875
3.75e-05 0.0007125
3.75e-05 0.0007375
3.75e-05 0.0007625
3.75e-05 0.0007875
3.75e-05 0.0008125
3.75e-05 0.0008375
3.75e-05 0.0008625
3.75e-05 0.0008875
3.75e-05 0.0009125
3.75e-05 0.0009375
3.75e-05 0.0009625
3.75e-05 0.0009875
6.25e-05 1.25e-05
6.25e-05 3.75e-05
6.25e-05 6.25e-05
6.25e-05 8.75e-05
6.25e-05 0.0001125
6.25e-05 0.0001375
6.25e-05 0.0001625
6.25e-05 0.0001875
6.25e-05 0.0002125
6.25e-05 0.0002375
6.25e-05 0.0002625
6.25e-05 0.0002875
6.25e-05 0.0003125
6.25e-05 0.0003375
6.25e-05 0.0003625
6.25e-05 0.0003875
6.25e-05 0.0004125
6.25e-05 0.0004375
6.25e-05 0.0004625
6.25e-05 0.0004875
6.25e-05 0.0005125
6.25e-05 0.0005375
6.25e-05 0.0005625
6.25e-05 0.0005875
6.25e-05 0.0006125
6.25e-05 0.0006375
6.25e-05 0.0006625
6.25e-05 0.0006875
6.25e-05 0.0007125
6.25e-05 0.0007375
6.25e-05 0.0007625
6.25e-05 0.0007875
6.25e-05 0.0008125
6.25e-05 0.0008375
6.25e-05 0.0008625
6.25e-05 0.0008875
6.25e-05 0.0009125
6.25e-05 0.0009375
6.25e-05 0.0009625
6.25e-05 0.0009875
8.75e-05 1.25e-05
8.75e-05 3.75e-05
8.75e-05 6.25e-05
8.75e-05 8.75e-05
8.75e-05 0.0001125
8.75e-05 0.0001375
8.75e-05 0.0001625
8.75e-05 0.0001875
8.75e-05 0.0002125
8.75e-05 0.0002375
8.75e-05 0.0002625
8.75e-05 0.0002875
8.75e-05 0.0003125
8.75e-05 0.0003375
8.75e-05 0.0003625
8.75e-05 0.0003875
8.75e-05 0.0004125
8.75e-05 0.0004375
8.75e-05 0.0004625
8.75e-05 0.0004875
8.75e-05 0.0005125
8.75e-05 0.0005375
8.75e-05 0.0005625
8.75e-05 0.0005875
8.75e-05 0.0006125
8.75e-05 0.0006375
8.75e-05 0.0006625
8.75e-05 0.0006875
8.75e-05 0.0007125
8.75e-05 0.0007375
8.75e-05 0.0007625
8.75e-05 0.0007875
8.75e-05 0.0008125
8.75e-05 0.0008375
8.75e-05 0.0008625
8.75e-05 0.0008875
8.75e-05 0.0009125
8.75e-05 0.0009375
8.75e-05 0.0009625
8.75e-05 0.0009875
0.0001125 1.25e-05
0.0001125 3.75e-05
0.0001125 6.25e-05
0.0001125 8.75e-05
0.0001125 0.0001125
0.0001125 0.0001375
0.0001125 0.0001625
0.0001125 0.0001875
0.0001125 0.0002125
0.0001125 0.0002375
0.0001125 0.0002625
0.0001125 0.0002875
0.0001125 0.0003125
0.0001125 0.0003375
0.0001125 0.0003625
0.0001125 0.0003875
0.0001125 0.0004125
0.0001125 0.0004375
0.0001125 0.0004625
0.0001125 0.0004875
0.0001125 0.0005125
0.0001125 0.0005375
0.0001125 0.0005625
0.0001125 0.0005875
0.0001125 0.0006125
0.0001125 0.0006375
0.0001125 0.0006625
0.0001125 0.0006875
0.0001125 0.0007125
0.0001125 0.0007375
0.0001125 0.0007625
0.0001125 0.0007875
0.0001125 0.0008125
0.0001125 0.0008375
0.0001125 0.0008625
0.0001125 0.0008875
0.0001125 0.0009125
0.0001125 0.0009375
0.0001125 0.0009625
0.0001125 0.0009875
0.0001375 1.25e-05
0.0001375 3.75e-05
0.0001375 6.25e-05
0.0001375 8.75e-05
0.0001375 0.0001125
0.0001375 0.0001375
0.0001375 0.0001625
0.0001375 0.0001875
0.0001375 0.0002125
0.0001375 0.0002375
0.0001375 0.0002625
0.0001375 0.0002875
0.0001375 0.0003125
0.0001375 0.0003375
0.0001375 0.0003625
0.0001375 0.0003875
0.0001375 0.0004125
0.0001375 0.0004375
0.0001375 0.0004625
0.0001375 0.0004875
0.0001375 0.0005125
0.0001375 0.0005375
0.0001375 0.0005625
0.0001375 0.0005875
0.0001375 0.0006125
0.0001375 0.0006375
0.0001375 0.0006625
0.0001375 0.0006875
0.0001375 0.0007125
0.0001375 0.0007375
0.0001375 0.0007625
0.0001375 0.0007875
0.0001375 0.0008125
0.0001375 0.0008375
0.0001375 0.0008625
0.0001375 0.0008875
0.0001375 0.0009125
0.0001375 0.0009375
0.0001375 0.0009625
0.0001375 0.0009875
0.0001625 1.25e-05
0.0001625 3.75e-05
0.0001625 6.25e-05
0.0001625 8.75e-05
0.0001625 0.0001125
0.0001625 0.0001375
0.0001625 0.0001625
0.0001625 0.0001875
0.0001625 0.0002125
0.0001625 0.0002375
0.0001625 0.0002625
0.0001625 0.0002875
0.0001625 0.0003125
0.0001625 0.0003375
0.0001625 0.0003625
0.0001625 0.0003875
0.0001625 0.0004125
0.0001625 0.0004375
0.0001625 0.0004625
0.0001625 0.0004875
0.0001625 0.0005125
0.0001625 0.0005375
0.0001625 0.0005625
0.0001625 0.0005875
0.0001625 0.0006125
0.0001625 0.0006375
0.0001625 0.0006625
0.0001625 0.0006875
0.0001625 0.0007125
0.0001625 0.0007375
0.0001625 0.0007625
0.0001625 0.0007875
0.0001625 0.0008125
0.0001625 0.0008375
0.0001625 0.0008625
0.0001625 0.0008875
0.0001625 0.0009125
0.0001625 0.0009375
0.0001625 0.0009625
0.0001625 0.0009875
0.0001875 1.25e-05
0.0001875 3.75e-05
0.0001875 6.25e-05
0.0001875 8.75e-05
0.0001875 0.0001125
0.0001875 0.0001375
0.0001875 0.0001625
0.0001875 0.0001875
0.0001875 0.0002125
0.0001875 0.0002375
0.0001875 0.0002625
0.0001875 0.0002875
0.0001875 0.0003125
0.0001875 0.0003375
0.0001875 0.0003625
0.0001875 0.0003875
0.0001875 0.0004125
0.0001875 0.0004375
0.0001875 0.0004625
0.0001875 0.0004875
0.0001875 0.0005125
0.0001875 0.0005375
0.0001875 0.0005625
0.0001875 0.0005875
0.0001875 0.0006125
0.0001875 0.0006375
0.0001875 0.0006625
0.0001875 0.0006875
0.0001875 0.0007125
0.0001875 0.0007375
0.0001875 0.0007625
0.0001875 0.0007875
0.0001875 0.0008125
0.0001875 0.0008375
0.0001875 0.0008625
0.0001875 0.0008875
0.0001875 0.0009125
0.0001875 0.0009375
0.0001875 0.0009625
0.0001875 0.0009875
0.0002125 1.25e-05
0.0002125 3.75e-05
0.0002125 6.25e-05
0.0002125 8.75e-05
0.0002125 0.0001125
0.0002125 0.0001375
0.0002125 0.0001625
0.0002125 0.0001875
0.0002125 0.0002125
0.0002125 0.0002375
0.0002125 0.0002625
0.0002125 0.0002875
0.0002125 0.0003125
0.0002125 0.0003375
0.0002125 0.0003625
0.0002125 0.0003875
0.0002125 0.0004125
0.0002125 0.0004375
0.0002125 0.0004625
0.0002125 0.0004875
0.0002125 0.0005125
0.0002125 0.0005375
0.0002125 0.0005625
0.0002125 0.0005875
0.0002125 0.0006125
0.0002125 0.0006375
0.0002125 0.0006625
0.0002125 0.0006875
0.0002125 0.0007125
0.0002125 0.0007375
0.0002125 0.0007625
0.0002125 0.0007875
0.0002125 0.0008125
0.0002125 0.0008375
0.0002125 0.0008625
0.0002125 0.0008875
0.0002125 0.0009125
0.0002125 0.0009375
0.0002125 0.0009625
0.0002125 0.0009875
0.0002375 1.25e-05
0.0002375 3.75e-05
0.0002375 6.25e-05
0.0002375 8.75e-05
0.0002375 0.0001125
0.0002375 0.0001375
0.0002375 0.0001625
0.0002375 0.0001875
0.0002375 0.0002125
0.0002375 0.0002375
0.0002375 0.0002625
0.0002375 0.0002875
0.0002375 0.0003125
0.0002375 0.0003375
0.0002375 0.0003625
0.0002375 0.0003875
0.0002375 0.0004125
0.0002375 0.0004375
0.0002375 0.0004625
0.0002375 0.0004875
0.0002375 0.0005125
0.0002375 0.0005375
0.0002375 0.0005625
0.0002375 0.0005875
0.0002375 0.0006125
0.0002375 0.0006375
0.0002375 0.0006625
0.0002375 0.0006875
0.0002375 0.0007125
0.0002375 0.0007375
0.0002375 0.0007625
0.0002375 0.0007875
0.0002375 0.0008125
0.0002375 0.0008375
0.0002375 0.0008625
0.0002375 0.0008875
0.0002375 0.0009125
0.0002375 0.0009375
0.0002375 0.0009625
0.0002375 0.0009875
0.0002625 1.25e-05
0.0002625 3.75e-05
0.0002625 6.25e-05
0.0002625 8.75e-05
0.0002625 0.0001125
0.0002625 0.0001375
0.0002625 0.0001625
0.0002625 0.0001875
0.0002625 0.0002125
0.0002625 0.0002375
0.0002625 0.0002625
0.0002625 0.0002875
0.0002625 0.0003125
0.0002625 0.0003375
0.0002625 0.0003625
0.0002625 0.0003875
0.0002625 0.0004125
0.0002625 0.0004375
0.0002625 0.0004625
0.0002625 0.0004875
0.0002625 0.0005125
0.0002625 0.0005375
0.0002625 0.0005625
0.0002625 0.0005875
0.0002625 0.0006125
0.0002625 0.0006375
0.0002625 0.0006625
0.0002625 0.0006875
0.0002625 0.0007125
0.0002625 0.0007375
0.0002625 0.0007625
0.0002625 0.0007875
0.0002625 0.0008125
0.0002625 0.0008375
0.0002625 0.0008625
0.0002625 0.0008875
0.0002625 0.0009125
0.0002625 0.0009375
0.0002625 0.0009625
0.0002625 0.0009875
0.0002875 1.25e-05
0.0002875 3.75e-05
0.0002875 6.25e-05
0.0002875 8.75e-05
0.0002875 0.0001125
0.0002875 0.0001375
0.0002875 0.0001625
0.0002875 0.0001875
0.0002875 0.0002125
0.0002875 0.0002375
0.0002875 0.0002625
0.0002875 0.0002875
0.0002875 0.0003125
0.0002875 0.0003375
0.0002875 0.0003625
0.0002875 0.0003875
0.0002875 0.0004125
0.0002875 0.0004375
0.0002875 0.0004625
0.0002875 0.0004875
0.0002875 0.0005125
0.0002875 0.0005375
0.0002875 0.0005625
0.0002875 0.0005875
0.0002875 0.0006125
0.0002875 0.0006375
0.0002875 0.0006625
0.0002875 0.0006875
0.0002875 0.0007125
0.0002875 0.0007375
0.0002875 0.0007625
0.0002875 0.0007875
0.0002875 0.0008125
0.0002875 0.0008375
0.0002875 0.0008625
0.0002875 0.0008875
0.0002875 0.0009125
0.0002875 0.0009375
0.0002875 0.0009625
0.0002875 0.0009875
0.0003125 1.25e-05
0.0003125 3.75e-05
0.0003125 6.25e-05
0.0003125 8.75e-05
0.0003125 0.0001125
0.0003125 0.0001375
0.0003125 0.0001625
0.0003125 0.0001875
0.0003125 0.0002125
0.0003125 0.0002375
0.0003125 0.0002625
0.0003125 0.0002875
0.0003125 0.0003125
0.0003125 0.0003375
0.0003125 0.0003625
0.0003125 0.0003875
0.0003125 0.0004125
0.0003125 0.0004375
0.0003125 0.0004625
0.0003125 0.0004875
0.0003125 0.0005125
0.0003125 0.0005375
0.0003125 0.0005625
0.0003125 0.0005875
0.0003125 0.0006125
0.0003125 0.0006375
0.0003125 0.0006625
0.0003125 0.0006875
0.0003125 0.0007125
0.0003125 0.0007375
0.0003125 0.0007625
0.0003125 0.0007875
0.0003125 0.0008125
0.0003125 0.0008375
0.0003125 0.0008625
0.0003125 0.0008875
0.0003125 0.0009125
0.0003125 0.0009375
0.0003125 0.0009625
0.0003125 0.0009875
0.0003375 1.25e-05
0.0003375 3.75e-05
0.0003375 6.25e-05
0.0003375 8.75e-05
0.0003375 0.0001125
0.0003375 0.0001375
0.0003375 0.0001625
0.0003375 0.0001875
0.0003375 0.0002125
0.0003375 0.0002375
0.0003375 0.0002625
0.0003375 0.0002875
0.0003375 0.0003125
0.0003375 0.0003375
0.0003375 0.0003625
0.0003375 0.0003875
0.0003375 0.0004125
0.0003375 0.0004375
0.0003375 0.0004625
0.0003375 0.0004875
0.0003375 0.0005125
0.0003375 0.0005375
0.0003375 0.0005625
0.0003375 0.0005875
0.0003375 0.0006125
0.0003375 0.0006375
0.0003375 0.0006625
0.0003375 0.0006875
0.0003375 0.0007125
0.0003375 0.0007375
0.0003375 0.0007625
0.0003375 0.0007875
0.0003375 0.0008125
0.0003375 0.0008375
0.0003375 0.0008625
0.0003375 0.0008875
0.0003375 0.0009125
0.0003375 0.0009375
0.0003375 0.0009625
0.0003375 0.0009875
0.0003625 1.25e-05
0.0003625 3.75e-05
0.0003625 6.25e-05
0.0003625 8.75e-05
0.0003625 0.0001125
0.0003625 0.0001375
0.0003625 0.0001625
0.0003625 0.0001875
0.0003625 0.0002125
0.0003625 0.0002375
0.0003625 0.0002625
0.0003625 0.0002875
0.0003625 0.0003125
0.0003625 0.0003375
0.0003625 0.0003625
0.0003625 0.0003875
0.0003625 0.0004125
0.0003625 0.0004375
0.0003625 0.0004625
0.0003625 0.0004875
0.0003625 0.0005125
0.0003625 0.0005375
0.0003625 0.0005625
0.0003625 0.0005875
0.0003625 0.0006125
0.0003625 0.0006375
0.0003625 0.0006625
0.0003625 0.0006875
0.0003625 0.0007125
0.0003625 0.0007375
0.0003625 0.0007625
0.0003625 0.0007875
0.0003625 0.0008125
0.0003625 0.0008375
0.0003625 0.0008625
0.0003625 0.0008875
0.0003625 0.0009125
0.0003625 0.0009375
0.0003625 0.0009625
0.0003625 0.0009875
0.0003875 1.25e-05
0.0003875 3.75e-05
0.0003875 6.25e-05
0.0003875 8.75e-05
0.0003875 0.0001125
0.0003875 0.0001375
0.0003875 0.0001625
0.0003875 0.0001875
0.0003875 0.0002125
0.0003875 0.0002375
0.0003875 0.0002625
0.0003875 0.0002875
0.0003875 0.0003125
0.0003875 0.0003375
0.0003875 0.0003625
0.0003875 0.0003875
0.0003875 0.0004125
0.0003875 0.0004375
0.0003875 0.0004625
0.0003875 0.0004875
0.0003875 0.0005125
0.0003875 0.0005375
0.0003875 0.0005625
0.0003875 0.0005875
0.0003875 0.0006125
0.0003875 0.0006375
0.0003875 0.0006625
0.0003875 0.0006875
0.0003875 0.0007125
0.0003875 0.0007375
0.0003875 0.0007625
0.0003875 0.0007875
0.0003875 0.0008125
0.0003875 0.0008375
0.0003875 0.0008625
0.0003875 0.0008875
0.0003875 0.0009125
0.0003875 0.0009375
0.0003875 0.0009625
0.0003875 0.0009875
0.0004125 1.25e-05
0.0004125 3.75e-05
0.0004125 6.25e-05
0.0004125 8.75e-05
0.0004125 0.0001125
0.0004125 0.0001375
0.0004125 0.0001625
0.0004125 0.0001875
0.0004125 0.0002125
0.0004125 0.0002375
0.0004125 0.0002625
0.0004125 0.0002875
0.0004125 0.0003125
0.0004125 0.0003375
0.0004125 0.0003625
0.0004125 0.0003875
0.0004125 0.0004125
0.0004125 0.0004375
0.0004125 0.0004625
0.0004125 0.0004875
0.0004125 0.0005125
0.0004125 0.0005375
0.0004125 0.0005625
0.0004125 0.0005875
0.0004125 0.0006125
0.0004125 0.0006375
0.0004125 0.0006625
0.0004125 0.0006875
0.0004125 0.0007125
0.0004125 0.0007375
0.0004125 0.0007625
0.0004125 0.0007875
0.0004125 0.0008125
0.0004125 0.0008375
0.0004125 0.0008625
0.0004125 0.0008875
0.0004125 0.0009125
0.0004125 0.0009375
0.0004125 0.0009625
0.0004125 0.0009875
0.0004375 1.25e-05
0.0004375 3.75e-05
0.0004375 6.25e-05
0.0004375 8.75e-05
0.0004375 0.0001125
0.0004375 0.0001375
0.0004375 0.0001625
0.0004375 0.0001875
0.0004375 0.0002125
0.0004375 0.0002375
0.0004375 0.0002625
0.0004375 0.0002875
0.0004375 0.0003125
0.0004375 0.0003375
0.0004375 0.0003625
0.0004375 0.0003875
0.0004375 0.0004125
0.0004375 0.0004375
0.0004375 0.0004625
0.0004375 0.0004875
0.0004375 0.0005125
0.0004375 0.0005375
0.0004375 0.0005625
0.0004375 0.0005875
0.0004375 0.0006125
0.0004375 0.0006375
0.0004375 0.0006625
0.0004375 0.0006875
0.0004375 0.0007125
0.0004375 0.0007375
0.0004375 0.0007625
0.0004375 0.0007875
0.0004375 0.0008125
0.0004375 0.0008375
0.0004375 0.0008625
0.0004375 0.0008875
0.0004375 0.0009125
0.0004375 0.0009375
0.0004375 0.0009625
0.0004375 0.0009875
0.0004625 1.25e-05
0.0004625 3.75e-05
0.0004625 6.25e-05
0.0004625 8.75e-05
0.0004625 0.0001125
0.0004625 0.0001375
0.0004625 0.0001625
0.0004625 0.0001875
0.0004625 0.0002125
0.0004625 0.0002375
0.0004625 0.0002625
0.0004625 0.0002875
0.0004625 0.0003125
0.0004625 0.0003375
0.0004625 0.0003625
0.0004625 0.0003875
0.0004625 0.0004125
0.0004625 0.0004375
0.0004625 0.0004625
0.0004625 0.0004875
0.0004625 0.0005125
0.0004625 0.0005375
0.0004625 0.0005625
0.0004625 0.0005875
0.0004625 0.0006125
0.0004625 0.0006375
0.0004625 0.0006625
0.0004625 0.0006875
0.0004625 0.0007125
0.0004625 0.0007375
0.0004625 0.0007625
0.0004625 0.0007875
0.0004625 0.0008125
0.0004625 0.0008375
0.0004625 0.0008625
0.0004625 0.0008875
0.0004625 0.0009125
0.0004625 0.0009375
0.0004625 0.0009625
0.0004625 0.0009875
0.0004875 1.25e-05
0.0004875 3.75e-05
0.0004875 6.25e-05
0.0004875 8.75e-05
0.0004875 0.0001125
0.0004875 0.0001375
0.0004875 0.0001625
0.0004875 0.0001875
0.0004875 0.0002125
0.0004875 0.0002375
0.0004875 0.0002625
0.0004875 0.0002875
0.0004875 0.0003125
0.0004875 0.0003375
0.0004875 0.0003625
0.0004875 0.0003875
0.0004875 0.0004125
0.0004875 0.0004375
0.0004875 0.0004625
0.0004875 0.0004875
0.0004875 0.0005125
0.0004875 0.0005375
0.0004875 0.0005625
0.0004875 0.0005875
0.0004875 0.0006125
0.0004875 0.0006375
0.0004875 0.0006625
0.0004875 0.0006875
0.0004875 0.0007125
0.0004875 0.0007375
0.0004875 0.0007625
0.0004875 0.0007875
0.0004875 0.0008125
0.0004875 0.0008375
0.0004875 0.0008625
0.0004875 0.0008875
0.0004875 0.0009125
0.0004875 0.0009375
0.0004875 0.0009625
0.0004875 0.0009875
0.0005125 1.25e-05
0.0005125 3.75e-05
0.0005125 6.25e-05
0.0005125 8.75e-05
0.0005125 0.0001125
0.0005125 0.0001375
0.0005125 0.0001625
0.0005125 0.0001875
0.0005125 0.0002125
0.0005125 0.0002375
0.0005125 0.0002625
0.0005125 0.0002875
0.0005125 0.0003125
0.0005125 0.0003375
0.0005125 0.0003625
0.0005125 0.0003875
0.0005125 0.0004125
0.0005125 0.0004375
0.0005125 0.0004625
0.0005125 0.0004875
0.0005125 0.0005125
0.0005125 0.0005375
0.0005125 0.0005625
0.0005125 0.0005875
0.0005125 0.0006125
0.0005125 0.0006375
0.0005125 0.0006625
0.0005125 0.0006875
0.0005125 0.0007125
0.0005125 0.0007375
0.0005125 0.0007625
0.0005125 0.0007875
0.0005125 0.0008125
0.0005125 0.0008375
0.0005125 0.0008625
0.0005125 0.0008875
0.0005125 0.0009125
0.0005125 0.0009375
0.0005125 0.0009625
0.0005125 0.0009875
0.0005375 1.25e-05
0.0005375 3.75e-05
0.0005375 6.25e-05
0.0005375 8.75e-05
0.0005375 0.0001125
0.0005375 0.0001375
0.0005375 0.0001625
0.0005375 0.0001875
0.0005375 0.0002125
0.0005375 0.0002375
0.0005375 0.0002625
0.0005375 0.0002875
0.0005375 0.0003125
0.0005375 0.0003375
0.0005375 0.0003625
0.0005375 0.0003875
0.0005375 0.0004125
0.0005375 0.0004375
0.0005375 0.0004625
0.0005375 0.0004875
0.0005375 0.0005125
0.0005375 0.0005375
0.0005375 0.0005625
0.0005375 0.0005875
0.0005375 0.0006125
0.0005375 0.0006375
0.0005375 0.0006625
0.0005375 0.0006875
0.0005375 0.0007125
0.0005375 0.0007375
0.0005375 0.0007625
0.0005375 0.0007875
0.0005375 0.0008125
0.0005375 0.0008375
0.0005375 0.0008625
0.0005375 0.0008875
0.0005375 0.0009125
0.0005375 0.0009375
0.0005375 0.0009625
0.0005375 0.0009875
0.0005625 1.25e-05
0.0005625 3.75e-05
0.0005625 6.25e-05
0.0005625 8.75e-05
0.0005625 0.0001125
0.0005625 0.0001375
0.0005625 0.0001625
0.0005625 0.0001875
0.0005625 0.0002125
0.0005625 0.0002375
0.0005625 0.0002625
0.0005625 0.0002875
0.0005625 0.0003125
0.0005625 0.0003375
0.0005625 0.0003625
0.0005625 0.0003875
0.0005625 0.0004125
0.0005625 0.0004375
0.0005625 0.0004625
0.0005625 0.0004875
0.0005625 0.0005125
0.0005625 0.0005375
0.0005625 0.0005625
0.0005625 0.0005875
0.0005625 0.0006125
0.0005625 0.0006375
0.0005625 0.0006625
0.0005625 0.0006875
0.0005625 0.0007125
0.0005625 0.0007375
0.0005625 0.0007625
0.0005625 0.0007875
0.0005625 0.0008125
0.0005625 0.0008375
0.0005625 0.0008625
0.0005625 0.0008875
0.0005625 0.0009125
0.0005625 0.0009375
0.0005625 0.0009625
0.0005625 0.0009875
0.0005875 1.25e-05
0.0005875 3.75e-05
0.0005875 6.25e-05
0.0005875 8.75e-05
0.0005875 0.0001125
0.0005875 0.0001375
0.0005875 0.0001625
0.0005875 0.0001875
0.0005875 0.0002125
0.0005875 0.0002375
0.0005875 0.0002625
0.0005875 0.0002875
0.0005875 0.0003125
0.0005875 0.0003375
0.0005875 0.0003625
0.0005875 0.0003875
0.0005875 0.0004125
0.0005875 0.0004375
0.0005875 0.0004625
0.0005875 0.0004875
0.0005875 0.0005125
0.0005875 0.0005375
0.0005875 0.0005625
0.0005875 0.0005875
0.0005875 0.0006125
0.0005875 0.0006375
0.0005875 0.0006625
0.0005875 0.0006875
0.0005875 0.0007125
0.0005875 0.0007375
0.0005875 0.0007625
0.0005875 0.0007875
0.0005875 0.0008125
0.0005875 0.0008375
0.0005875 0.0008625
0.0005875 0.0008875
0.0005875 0.0009125
0.0005875 0.0009375
0.0005875 0.0009625
0.0005875 0.0009875
0.0006125 1.25e-05
0.0006125 3.75e-05
0.0006125 6.25e-05
0.0006125 8.75e-05
0.0006125 0.0001125
0.0006125 0.0001375
0.0006125 0.0001625
0.0006125 0.0001875
0.0006125 0.0002125
0.0006125 0.0002375
0.0006125 0.0002625
0.0006125 0.0002875
0.0006125 0.0003125
0.0006125 0.0003375
0.0006125 0.0003625
0.0006125 0.0003875
0.0006125 0.0004125
0.0006125 0.0004375
0.0006125 0.0004625
0.0006125 0.0004875
0.0006125 0.0005125
0.0006125 0.0005375
0.0006125 0.0005625
0.0006125 0.0005875
0.0006125 0.0006125
0.0006125 0.0006375
0.0006125 0.0006625
0.0006125 0.0006875
0.0006125 0.0007125
0.0006125 0.0007375
0.0006125 0.0007625
0.0006125 0.0007875
0.0006125 0.0008125
0.0006125 0.0008375
0.0006125 0.0008625
0.0006125 0.0008875
0.0006125 0.0009125
0.0006125 0.0009375
0.0006125 0.0009625
0.0006125 0.0009875
0.0006375 1.25e-05
0.0006375 3.75e-05
0.0006375 6.25e-05
0.0006375 8.75e-05
0.0006375 0.0001125
0.0006375 0.0001375
0.0006375 0.0001625
0.0006375 0.0001875
0.0006375 0.0002125
0.0006375 0.0002375
0.0006375 0.0002625
0.0006375 0.0002875
0.0006375 0.0003125
0.0006375 0.0003375
0.0006375 0.0003625
0.0006375 0.0003875
0.0006375 0.0004125
0.0006375 0.0004375
0.0006375 0.0004625
0.0006375 0.0004875
0.0006375 0.0005125
0.0006375 0.0005375
0.0006375 0.0005625
0.0006375 0.0005875
0.0006375 0.0006125
0.0006375 0.0006375
0.0006375 0.0006625
0.0006375 0.0006875
0.0006375 0.0007125
0.0006375 0.0007375
0.0006375 0.0007625
0.0006375 0.0007875
0.0006375 0.0008125
0.0006375 0.0008375
0.0006375 0.0008625
0.0006375 0.0008875
0.0006375 0.0009125
0.0006375 0.0009375
0.0006375 0.0009625
0.0006375 0.0009875
0.0006625 1.25e-05
0.0006625 3.75e-05
0.0006625 6.25e-05
0.0006625 8.75e-05
0.0006625 0.0001125
0.0006625 0.0001375
0.0006625 0.0001625
0.0006625 0.0001875
0.0006625 0.0002125
0.0006625 0.0002375
0.0006625 0.0002625
0.0006625 0.0002875
0.0006625 0.0003125
0.0006625 0.0003375
0.0006625 0.0003625
0.0006625 0.0003875
0.0006625 0.0004125
0.0006625 0.0004375
0.0006625 0.0004625
0.0006625 0.0004875
0.0006625 0.0005125
0.0006625 0.0005375
0.0006625 0.0005625
0.0006625 0.0005875
0.0006625 0.0006125
0.0006625 0.0006375
0.0006625 0.0006625
0.0006625 0.0006875
0.0006625 0.0007125
0.0006625 0.0007375
0.0006625 0.0007625
0.0006625 0.0007875
0.0006625 0.0008125
0.0006625 0.0008375
0.0006625 0.0008625
0.0006625 0.0008875
0.0006625 0.0009125
0.0006625 0.0009375
0.0006625 0.0009625
0.0006625 0.0009875
0.0006875 1.25e-05
0.0006875 3.75e-05
0.0006875 6.25e-05
0.0006875 8.75e-05
0.0006875 0.0001125
0.0006875 0.0001375
0.0006875 0.0001625
0.0006875 0.0001875
0.0006875 0.0002125
0.0006875 0.0002375
0.0006875 0.0002625
0.0006875 0.0002875
0.0006875 0.0003125
0.0006875 0.0003375
0.0006875 0.0003625
0.0006875 0.0003875
0.0006875 0.0004125
0.0006875 0.0004375
0.0006875 0.0004625
0.0006875 0.0004875
0.0006875 0.0005125
0.0006875 0.0005375
0.0006875 0.0005625
0.0006875 0.0005875
0.0006875 0.0006125
0.0006875 0.0006375
0.0006875 0.0006625
0.0006875 0.0006875
0.0006875 0.0007125
0.0006875 0.0007375
0.0006875 0.0007625
0.0006875 0.0007875
0.0006875 0.0008125
0.0006875 0.0008375
0.0006875 0.0008625
0.0006875 0.0008875
0.0006875 0.0009125
0.0006875 0.0009375
0.0006875 0.0009625
0.0006875 0.0009875
0.0007125 1.25e-05
0.0007125 3.75e-05
0.0007125 6.25e-05
0.0007125 8.75e-05
0.0007125 0.0001125
0.0007125 0.0001375
0.0007125 0.0001625
0.0007125 0.0001875
0.0007125 0.0002125
0.0007125 0.0002375
0.0007125 0.0002625
0.0007125 0.0002875
0.0007125 0.0003125
0.0007125 0.0003375
0.0007125 0.0003625
0.0007125 0.0003875
0.0007125 0.0004125
0.0007125 0.0004375
0.0007125 0.0004625
0.0007125 0.0004875
0.0007125 0.0005125
0.0007125 0.0005375
0.0007125 0.0005625
0.0007125 0.0005875
0.0007125 0.0006125
0.0007125 0.0006375
0.0007125 0.0006625
0.0007125 0.0006875
0.0007125 0.0007125
0.0007125 0.0007375
0.0007125 0.0007625
0.0007125 0.0007875
0.0007125 0.0008125
0.0007125 0.0008375
0.0007125 0.0008625
0.0007125 0.0008875
0.0007125 0.0009125
0.0007125 0.0009375
0.0007125 0.0009625
0.0007125 0.0009875
0.0007375 1.25e-05
0.0007375 3.75e-05
0.0007375 6.25e-05
0.0007375 8.75e-05
0.0007375 0.0001125
0.0007375 0.0001375
0.0007375 0.0001625
0.0007375 0.0001875
0.0007375 0.0002125
0.0007375 0.0002375
0.0007375 0.0002625
0.0007375 0.0002875
0.0007375 0.0003125
0.0007375 0.0003375
0.0007375 0.0003625
0.0007375 0.0003875
0.0007375 0.0004125
0.0007375 0.0004375
0.0007375 0.0004625
0.0007375 0.0004875
0.0007375 0.0005125
0.0007375 0.0005375
0.0007375 0.0005625
0.0007375 0.0005875
0.0007375 0.0006125
0.0007375 0.0006375
0.0007375 0.0006625
0.0007375 0.0006875
0.0007375 0.0007125
0.0007375 0.0007375
0.0007375 0.0007625
0.0007375 0.0007875
0.0007375 0.0008125
0.0007375 0.0008375
0.0007375 0.0008625
0.0007375 0.0008875
0.0007375 0.0009125
0.0007375 0.0009375
0.0007375 0.0009625
0.0007375 0.0009875
0.0007625 1.25e-05
0.0007625 3.75e-05
0.0007625 6.25e-05
0.0007625 8.75e-05
0.0007625 0.0001125
0.0007625 0.0001375
0.0007625 0.0001625
0.0007625 0.0001875
0.0007625 0.0002125
0.0007625 0.0002375
0.0007625 0.0002625
0.0007625 0.0002875
0.0007625 0.0003125
0.0007625 0.0003375
0.0007625 0.0003625
0.0007625 0.0003875
0.0007625 0.0004125
0.0007625 0.0004375
0.0007625 0.0004625
0.0007625 0.0004875
0.0007625 0.0005125
0.0007625 0.0005375
0.0007625 0.0005625
0.0007625 0.0005875
0.0007625 0.0006125
0.0007625 0.0006375
0.0007625 0.0006625
0.0007625 0.0006875
0.0007625 0.0007125
0.0007625 0.0007375
0.0007625 0.0007625
0.0007625 0.0007875
0.0007625 0.0008125
0.0007625 0.0008375
0.0007625 0.0008625
0.0007625 0.0008875
0.0007625 0.0009125
0.0007625 0.0009375
0.0007625 0.0009625
0.0007625 0.0009875
0.0007875 1.25e-05
0.0007875 3.75e-05
0.0007875 6.25e-05
0.0007875 8.75e-05
0.0007875 0.0001125
0.0007875 0.0001375
0.0007875 0.0001625
0.0007875 0.0001875
0.0007875 0.0002125
0.0007875 0.0002375
0.0007875 0.0002625
0.0007875 0.0002875
0.0007875 0.0003125
0.0007875 0.0003375
0.0007875 0.0003625
0.0007875 0.0003875
0.0007875 0.0004125
0.0007875 0.0004375
0.0007875 0.0004625
0.0007875 0.0004875
0.0007875 0.0005125
0.0007875 0.0005375
0.0007875 0.0005625
0.0007875 0.0005875
0.0007875 0.0006125
0.0007875 0.0006375
0.0007875 0.0006625
0.0007875 0.0006875
0.0007875 0.0007125
0.0007875 0.0007375
0.0007875 0.0007625
0.0007875 0.0007875
0.0007875 0.0008125
0.0007875 0.0008375
0.0007875 0.0008625
0.0007875 0.0008875
0.0007875 0.0009125
0.0007875 0.0009375
0.0007875 0.0009625
0.0007875 0.0009875
0.0008125 1.25e-05
0.0008125 3.75e-05
0.0008125 6.25e-05
0.0008125 8.75e-05
0.0008125 0.0001125
0.0008125 0.0001375
0.0008125 0.0001625
0.0008125 0.0001875
0.0008125 0.0002125
0.0008125 0.0002375
0.0008125 0.0002625
0.0008125 0.0002875
0.0008125 0.0003125
0.0008125 0.0003375
0.0008125 0.0003625
0.0008125 0.0003875
0.0008125 0.0004125
0.0008125 0.0004375
0.0008125 0.0004625
0.0008125 0.0004875
0.0008125 0.0005125
0.0008125 0.0005375
0.0008125 0.0005625
0.0008125 0.0005875
0.0008125 0.0006125
0.0008125 0.0006375
0.0008125 0.0006625
0.0008125 0.0006875
0.0008125 0.0007125
0.0008125 0.0007375
0.0008125 0.0007625
0.0008125 0.0007875
0.0008125 0.0008125
0.0008125 0.0008375
0.0008125 0.0008625
0.0008125 0.0008875
0.0008125 0.0009125
0.0008125 0.0009375
0.0008125 0.0009625
0.0008125 0.0009875
0.0008375 1.25e-05
0.0008375 3.75e-05
0.0008375 6.25e-05
0.0008375 8.75e-05
0.0008375 0.0001125
0.0008375 0.0001375
0.0008375 0.0001625
0.0008375 0.0001875
0.0008375 0.0002125
0.0008375 0.0002375
0.0008375 0.0002625
0.0008375 0.0002875
0.0008375 0.0003125
0.0008375 0.0003375
0.0008375 0.0003625
0.0008375 0.0003875
0.0008375 0.0004125
0.0008375 0.0004375
0.0008375 0.0004625
0.0008375 0.0004875
0.0008375 0.0005125
0.0008375 0.0005375
0.0008375 0.0005625
0.0008375 0.0005875
0.0008375 0.0006125
0.0008375 0.0006375
0.0008375 0.0006625
0.0008375 0.0006875
0.0008375 0.0007125
0.0008375 0.0007375
0.0008375 0.0007625
0.0008375 0.0007875
0.0008375 0.0008125
0.0008375 0.0008375
0.0008375 0.0008625
0.0008375 0.0008875
0.0008375 0.0009125
0.0008375 0.0009375
0.0008375 0.0009625
0.0008375 0.0009875
0.0008625 1.25e-05
0.0008625 3.75e-05
0.0008625 6.25e-05
0.0008625 8.75e-05
0.0008625 0.0001125
0.0008625 0.0001375
0.0008625 0.0001625
0.0008625 0.0001875
0.0008625 0.0002125
0.0008625 0.0002375
0.0008625 0.0002625
0.0008625 0.0002875
0.0008625 0.0003125
0.0008625 0.0003375
0.0008625 0.0003625
0.0008625 0.0003875
0.0008625 0.0004125
0.0008625 0.0004375
0.0008625 0.0004625
0.0008625 0.0004875
0.0008625 0.0005125
0.0008625 0.0005375
0.0008625 0.0005625
0.0008625 0.0005875
0.0008625 0.0006125
0.0008625 0.0006375
0.0008625 0.0006625
0.0008625 0.0006875
0.0008625 0.0007125
0.0008625 0.0007375
0.0008625 0.0007625
0.0008625 0.0007875
0.0008625 0.0008125
0.0008625 0.0008375
0.0008625 0.0008625
0.0008625 0.0008875
0.0008625 0.0009125
0.0008625 0.0009375
0.0008625 0.0009625
0.0008625 0.0009875
0.0008875 1.25e-05
0.0008875 3.75e-05
0.0008875 6.25e-05
0.0008875 8.75e-05
0.0008875 0.0001125
0.0008875 0.0001375
0.0008875 0.0001625
0.0008875 0.0001875
0.0008875 0.0002125
0.0008875 0.0002375
0.0008875 0.0002625
0.0008875 0.0002875
0.0008875 0.0003125
0.0008875 0.0003375
0.0008875 0.0003625
0.0008875 0.0003875
0.0008875 0.0004125
0.0008875 0.0004375
0.0008875 0.0004625
0.0008875 0.0004875
0.0008875 0.0005125
0.0008875 0.0005375
0.0008875 0.0005625
0.0008875 0.0005875
0.0008875 0.0006125
0.0008875 0.0006375
0.0008875 0.0006625
0.0008875 0.0006875
0.0008875 0.0007125
0.0008875 0.0007375
0.0008875 0.0007625
0.0008875 0.0007875
0.0008875 0.0008125
0.0008875 0.0008375
0.0008875 0.0008625
0.0008875 0.0008875
0.0008875 0.0009125
0.0008875 0.0009375
0.0008875 0.0009625
0.0008875 0.0009875
0.0009125 1.25e-05
0.0009125 3.75e-05
0.0009125 6.25e-05
0.0009125 8.75e-05
0.0009125 0.0001125
0.0009125 0.0001375
0.0009125 0.0001625
0.0009125 0.0001875
0.0009125 0.0002125
0.0009125 0.0002375
0.0009125 0.0002625
0.0009125 0.0002875
0.0009125 0.0003125
0.0009125 0.0003375
0.0009125 0.0003625
0.0009125 0.0003875
0.0009125 0.0004125
0.0009125 0.0004375
0.0009125 0.0004625
0.0009125 0.0004875
0.0009125 0.0005125
0.0009125 0.0005375
0.0009125 0.0005625
0.0009125 0.0005875
0.0009125 0.0006125
0.0009125 0.0006375
0.0009125 0.0006625
0.0009125 0.0006875
0.0009125 0.0007125
0.0009125 0.0007375
0.0009125 0.0007625
0.0009125 0.0007875
0.0009125 0.0008125
0.0009125 0.0008375
0.0009125 0.0008625
0.0009125 0.0008875
0.0009125 0.0009125
0.0009125 0.0009375
0.0009125 0.0009625
0.0009125 0.0009875
0.0009375 1.25e-05
0.0009375 3.75e-05
0.0009375 6.25e-05
0.0009375 8.75e-05
0.0009375 0.0001125
0.0009375 0.0001375
0.0009375 0.0001625
0.0009375 0.0001875
0.0009375 0.0002125
0.0009375 0.0002375
0.0009375 0.0002625
0.0009375 0.0002875
0.0009375 0.0003125
0.0009375 0.0003375
0.0009375 0.0003625
0.0009375 0.0003875
0.0009375 0.0004125
0.0009375 0.0004375
0.0009375 0.0004625
0.0009375 0.0004875
0.0009375 0.0005125
0.0009375 0.0005375
0.0009375 0.0005625
0.0009375 0.0005875
0.0009375 0.0006125
0.0009375 0.0006375
0.0009375 0.0006625
0.0009375 0.0006875
0.0009375 0.0007125
0.0009375 0.0007375
0.0009375 0.0007625
0.0009375 0.0007875
0.0009375 0.0008125
0.0009375 0.0008375
0.0009375 0.0008625
0.0009375 0.0008875
0.0009375 0.0009125
0.0009375 0.0009375
0.0009375 0.0009625
0.0009375 0.0009875
0.0009625 1.25e-05
0.0009625 3.75e-05
0.0009625 6.25e-05
0.0009625 8.75e-05
0.0009625 0.0001125
0.0009625 0.0001375
0.0009625 0.0001625
0.0009625 0.0001875
0.0009625 0.0002125
0.0009625 0.0002375
0.0009625 0.0002625
0.0009625 0.0002875
0.0009625 0.0003125
0.0009625 0.0003375
0.0009625 0.0003625
0.0009625 0.0003875
0.0009625 0.0004125
0.0009625 0.0004375
0.0009625 0.0004625
0.0009625 0.0004875
0.0009625 0.0005125
0.0009625 0.0005375
0.0009625 0.0005625
0.0009625 0.0005875
0.0009625 0.0006125
0.0009625 0.0006375
0.0009625 0.0006625
0.0009625 0.0006875
0.0009625 0.0007125
0.0009625 0.0007375
0.0009625 0.0007625
0.0009625 0.0007875
0.0009625 0.0008125
0.0009625 0.0008375
0.0009625 0.0008625
0.0009625 0.0008875
0.0009625 0.0009125
0.0009625 0.0009375
0.0009625 0.0009625
0.0009625 0.0009875
0.0009875 1.25e-05
0.0009875 3.75e-05
0.0009875 6.25e-05
0.0009875 8.75e-05
0.0009875 0.0001125
0.0009875 0.0001375
0.0009875 0.0001625
0.0009875 0.0001875
0.0009875 0.0002125
0.0009875 0.0002375
0.0009875 0.0002625
0.0009875 0.0002875
0.0009875 0.0003125
0.0009875 0.0003375
0.0009875 0.0003625
0.0009875 0.0003875
0.0009875 0.0004125
0.0009875 0.0004375
0.0009875 0.0004625
0.0009875 0.0004875
0.0009875 0.0005125
0.0009875 0.0005375
0.0009875 0.0005625
0.0009875 0.0005875
0.0009875 0.0006125
0.0009875 0.0006375
0.0009875 0.0006625
0.0009875 0.0006875
0.0009875 0.0007125
0.0009875 0.0007375
0.0009875 0.0007625
0.0009875 0.0007875
0.0009875 0.0008125
0.0009875 0.0008375
0.0009875 0.0008625
0.0009875 0.0008875
0.0009875 0.0009125
0.0009875 0.0009375
0.0009875 0.0009625
0.0009875 0.0009875
