2.29769e-06 2.31348e-06
4.29243e-06 7.53203e-06
3.58392e-06 7.7941e-06
2.83975e-06 6.38544e-06
2.48173e-06 4.26286e-06
1.64081e-06 1.85248e-06
8.28847e-07 -3.67605e-08
4.06152e-08 -1.03068e-06
-5.85918e-07 -8.55795e-07
-1.14406e-06 6.27834e-07
-1.55728e-06 3.03669e-06
-1.87123e-06 6.00509e-06
-2.1257e-06 9.33332e-06
-2.34836e-06 1.29297e-05
-2.55451e-06 1.67597e-05
-2.75318e-06 2.08169e-05
-2.95097e-06 2.51133e-05
-3.15156e-06 2.96688e-05
-3.35633e-06 3.45119e-05
-3.56308e-06 3.96773e-05
-3.7682e-06 4.52078e-05
-3.96651e-06 5.11539e-05
-4.15219e-06 5.75758e-05
-4.31959e-06 6.45446e-05
-4.4641e-06 7.21468e-05
-4.58314e-06 8.04882e-05
-4.67681e-06 8.96997e-05
-4.74687e-06 9.99417e-05
-4.79407e-06 0.0001114
-4.80232e-06 0.000124258
-4.74719e-06 0.000138621
-4.33032e-06 0.000154146
-3.2331e-06 0.000170258
-1.49202e-06 0.000185722
6.77715e-07 0.000198372
-2.28169e-06 0.000205215
1.56527e-05 0.000207707
-3.75513e-05 0.000234443
0.000270381 3.65438e-05
0.000284939 -2.95873e-06
7.49772e-06 4.10724e-06
7.84209e-06 8.40884e-06
8.03292e-06 1.41373e-05
5.68607e-06 1.77111e-05
4.23769e-06 2.0791e-05
2.10122e-06 2.30228e-05
-6.15076e-08 2.44627e-05
-2.05919e-06 2.53261e-05
-3.96824e-06 2.61829e-05
-5.62792e-06 2.74562e-05
-6.99876e-06 2.94127e-05
-8.14769e-06 3.21126e-05
-9.14868e-06 3.55072e-05
-1.00633e-05 3.95242e-05
-1.09343e-05 4.41104e-05
-1.17886e-05 4.92393e-05
-1.26427e-05 5.48929e-05
-1.35075e-05 6.10646e-05
-1.4385e-05 6.77629e-05
-1.52698e-05 7.50125e-05
-1.61478e-05 8.28473e-05
-1.69997e-05 9.13091e-05
-1.78017e-05 0.000100445
-1.85274e-05 0.000110304
-1.91496e-05 0.000120939
-1.96417e-05 0.000132399
-1.99776e-05 0.000144725
-2.0125e-05 0.000157941
-2.00337e-05 0.000172027
-1.95901e-05 0.000186876
-1.85998e-05 0.000202224
-1.65697e-05 0.000217527
-1.2767e-05 0.000232027
-6.2988e-06 0.000244423
5.50073e-07 0.000253122
1.56118e-05 0.000251576
-8.39964e-06 0.000253129
0.000163645 0.000172728
0.00041477 0.000178647
0.00053108 -7.21991e-06
7.50167e-06 3.76863e-06
1.16711e-05 1.00253e-05
9.5161e-06 1.49252e-05
6.2345e-06 2.09665e-05
3.53939e-06 2.6507e-05
7.73797e-07 3.15715e-05
-2.0102e-06 3.60011e-05
-4.85677e-06 3.98953e-05
-7.63125e-06 4.34472e-05
-1.02021e-05 4.69312e-05
-1.25036e-05 5.06246e-05
-1.45534e-05 5.47292e-05
-1.64064e-05 5.9363e-05
-1.81274e-05 6.45846e-05
-1.97733e-05 7.04217e-05
-2.1385e-05 7.68962e-05
-2.29902e-05 8.40198e-05
-2.46044e-05 9.18007e-05
-2.62317e-05 0.000100231
-2.7864e-05 0.000109324
-2.94776e-05 0.000119101
-3.10375e-05 0.000129586
-3.24975e-05 0.000140801
-3.3802e-05 0.000152764
-3.48868e-05 0.000165483
-3.56796e-05 0.000178949
-3.60963e-05 0.000193123
-3.60307e-05 0.00020792
-3.53307e-05 0.000223184
-3.37395e-05 0.000238648
-3.08557e-05 0.000253862
-2.5682e-05 0.000268185
-1.76163e-05 0.000280935
-4.80409e-06 0.0002914
9.6275e-06 0.000299332
4.43578e-05 0.000300842
5.37851e-05 0.000303658
0.000292221 0.000185356
0.000480921 0.000100737
0.000578531 1.96706e-05
5.39963e-06 3.50342e-06
1.29943e-05 9.17135e-06
1.05602e-05 1.4889e-05
5.38543e-06 2.08162e-05
1.74942e-06 2.72778e-05
-1.94698e-06 3.37602e-05
-5.37302e-06 4.02496e-05
-8.80896e-06 4.65306e-05
-1.21607e-05 5.25638e-05
-1.53707e-05 5.84277e-05
-1.83853e-05 6.42794e-05
-2.12002e-05 7.02913e-05
-2.3844e-05 7.66151e-05
-2.63623e-05 8.33687e-05
-2.88023e-05 9.06397e-05
-3.1204e-05 9.84957e-05
-3.35932e-05 0.000106992
-3.59815e-05 0.000116147
-3.83665e-05 0.000125965
-4.07304e-05 0.000136448
-4.3036e-05 0.0001476
-4.52276e-05 0.00015942
-4.72317e-05 0.000171898
-4.89573e-05 0.000185005
-5.02966e-05 0.000198685
-5.11242e-05 0.000212848
-5.12921e-05 0.000227354
-5.06143e-05 0.000241994
-4.88382e-05 0.000256466
-4.55732e-05 0.000270355
-4.00928e-05 0.000283031
-3.13206e-05 0.000293555
-1.84124e-05 0.000300969
-4.99629e-07 0.000304378
2.55218e-05 0.000300122
6.59401e-05 0.000286045
0.00015236 0.000246206
0.000362863 0.000114772
0.000509024 9.61118e-05
0.000632038 1.80582e-05
2.13182e-06 3.58247e-06
1.30086e-05 9.7084e-06
1.05214e-05 1.56261e-05
4.05433e-06 2.19231e-05
-9.04566e-07 2.87754e-05
-5.70873e-06 3.60205e-05
-9.96341e-06 4.35142e-05
-1.40127e-05 5.1141e-05
-1.78712e-05 5.87835e-05
-2.15797e-05 6.63979e-05
-2.51322e-05 7.40186e-05
-2.85409e-05 8.17293e-05
-3.18288e-05 8.96355e-05
-3.50289e-05 9.78439e-05
-3.81756e-05 0.000106451
-4.12978e-05 0.00011554
-4.44117e-05 0.000125185
-4.75176e-05 0.000135415
-5.0599e-05 0.000146247
-5.36209e-05 0.000157669
-5.65266e-05 0.000169673
-5.92352e-05 0.000182233
-6.16411e-05 0.000195305
-6.36133e-05 0.000208817
-6.49959e-05 0.00022266
-6.56059e-05 0.000236674
-6.52268e-05 0.000250639
-6.35926e-05 0.000264246
-6.03348e-05 0.000277074
-5.4912e-05 0.00028853
-4.62807e-05 0.000297679
-3.34015e-05 0.00030354
-1.54522e-05 0.00030496
9.57877e-06 0.00029995
4.64358e-05 0.000285003
0.000107058 0.000245721
0.000245356 0.000170582
0.000393272 0.000109291
0.000542651 7.50914e-05
0.000670945 1.77726e-05
-2.06184e-06 3.28036e-06
1.13345e-05 9.53999e-06
9.43014e-06 1.62037e-05
2.15861e-06 2.28335e-05
-3.99227e-06 2.978e-05
-9.95376e-06 3.72982e-05
-1.51562e-05 4.52864e-05
-1.99533e-05 5.36385e-05
-2.44012e-05 6.22474e-05
-2.86171e-05 7.10217e-05
-3.26558e-05 7.99207e-05
-3.65662e-05 8.89512e-05
-4.03877e-05 9.81554e-05
-4.41565e-05 0.000107596
-4.7902e-05 0.000117343
-5.16446e-05 0.000127466
-5.5389e-05 0.00013803
-5.91219e-05 0.000149067
-6.2809e-05 0.000160592
-6.6394e-05 0.000172587
-6.97962e-05 0.000185029
-7.29058e-05 0.000197871
-7.55816e-05 0.000211042
-7.76496e-05 0.000224433
-7.89018e-05 0.000237889
-7.90926e-05 0.000251196
-7.79315e-05 0.000264059
-7.50522e-05 0.000276076
-6.99567e-05 0.000286674
-6.19304e-05 0.000295094
-4.97625e-05 0.000300377
-3.25376e-05 0.000301496
-8.72469e-06 0.000296914
2.43776e-05 0.000284059
7.82392e-05 0.000253874
0.000168854 0.000200599
0.0002945 0.000143423
0.000427229 9.30998e-05
0.000575251 5.89243e-05
0.000700176 1.28989e-05
-6.36925e-06 2.94479e-06
8.06459e-06 9.20778e-06
7.08745e-06 1.64694e-05
-3.02708e-07 2.3558e-05
-7.38596e-06 3.07169e-05
-1.44627e-05 3.83651e-05
-2.06574e-05 4.65683e-05
-2.62988e-05 5.52642e-05
-3.14315e-05 6.43658e-05
-3.62179e-05 7.37808e-05
-4.07585e-05 8.34401e-05
-4.51428e-05 9.33067e-05
-4.9437e-05 0.000103375
-5.36919e-05 0.000113663
-5.79422e-05 0.000124207
-6.22052e-05 0.000135047
-6.64783e-05 0.000146225
-7.07355e-05 0.000157762
-7.49255e-05 0.000169663
-7.89703e-05 0.000181902
-8.27624e-05 0.000194442
-8.61604e-05 0.000207218
-8.89846e-05 0.000220135
-9.10141e-05 0.000233057
-9.19836e-05 0.000245789
-9.1577e-05 0.000258067
-8.94129e-05 0.000269531
-8.50155e-05 0.000279649
-7.77749e-05 0.000287799
-6.68173e-05 0.000293147
-5.08924e-05 0.000294751
-2.88329e-05 0.000291387
1.36697e-06 0.000281218
4.68308e-05 0.000258195
0.000118494 0.000218206
0.000216985 0.000167698
0.000333146 0.000120577
0.000458008 7.83023e-05
0.000603734 4.59998e-05
0.000720123 1.10647e-05
-1.03154e-05 2.59019e-06
3.68051e-06 8.63427e-06
3.56656e-06 1.62299e-05
-3.49904e-06 2.37483e-05
-1.11481e-05 3.11831e-05
-1.91407e-05 3.8937e-05
-2.62891e-05 4.72053e-05
-3.27919e-05 5.60024e-05
-3.86648e-05 6.52796e-05
-4.40767e-05 7.49616e-05
-4.91558e-05 8.49755e-05
-5.40223e-05 9.52652e-05
-5.87691e-05 0.000105796
-6.34657e-05 0.000116555
-6.81571e-05 0.000127543
-7.28637e-05 0.000138772
-7.75795e-05 0.000150258
-8.22693e-05 0.000162003
-8.68672e-05 0.000173998
-9.12745e-05 0.000186208
-9.53571e-05 0.00019858
-9.89403e-05 0.000211034
-0.000101803 0.000223455
-0.000103675 0.00023568
-0.000104225 0.000247481
-0.000103057 0.000258547
-9.96967e-05 0.00026843
-9.35679e-05 0.000276586
-8.39524e-05 0.00028233
-6.98214e-05 0.000284814
-4.98876e-05 0.000282976
-2.26814e-05 0.000275441
1.61562e-05 0.000258467
7.4866e-05 0.000227665
0.000156386 0.000185916
0.000254566 0.000141604
0.000364936 0.000101895
0.000485613 6.52617e-05
0.000626363 3.74751e-05
0.000733764 1.13726e-05
-1.34644e-05 2.23342e-06
-1.1797e-06 7.98156e-06
-8.51486e-07 1.56503e-05
-7.43791e-06 2.34469e-05
-1.53456e-05 3.1133e-05
-2.39944e-05 3.90073e-05
-3.19653e-05 4.7274e-05
-3.92855e-05 5.60251e-05
-4.58997e-05 6.52611e-05
-5.19612e-05 7.49355e-05
-5.76045e-05 8.4987e-05
-6.29683e-05 9.53569e-05
-6.81654e-05 0.000105998
-7.32826e-05 0.000116878
-7.83766e-05 0.000127975
-8.34733e-05 0.000139278
-8.85662e-05 0.000150776
-9.36141e-05 0.000162456
-9.8539e-05 0.00017429
-0.000103224 0.000186235
-0.000107508 0.000198223
-0.000111184 0.00021016
-0.000113988 0.000221911
-0.000115593 0.000233291
-0.000115603 0.000244032
-0.00011354 0.000253786
-0.000108841 0.000262091
-0.000100826 0.000268371
-8.8661e-05 0.0002719
-7.11842e-05 0.000271762
-4.69952e-05 0.000266793
-1.36761e-05 0.000254885
3.51071e-05 0.000231714
0.000103404 0.000197806
0.00018868 0.000158504
0.000284732 0.000120519
0.000391623 8.63783e-05
0.00050939 5.5087e-05
0.000642625 3.1682e-05
0.000743206 1.15181e-05
-1.57395e-05 1.91923e-06
-6.02741e-06 7.38658e-06
-5.80536e-06 1.4856e-05
-1.19972e-05 2.27226e-05
-1.99752e-05 3.05711e-05
-2.90382e-05 3.85205e-05
-3.76552e-05 4.67371e-05
-4.56875e-05 5.53502e-05
-5.29961e-05 6.43976e-05
-5.96922e-05 7.38685e-05
-6.59013e-05 8.37211e-05
-7.17673e-05 9.39057e-05
-7.74143e-05 0.000104374
-8.29413e-05 0.000115085
-8.84147e-05 0.000126004
-9.38661e-05 0.000137103
-9.92894e-05 0.000148355
-0.000104639 0.000159729
-0.000109826 0.000171185
-0.000114718 0.000182666
-0.000119128 0.000194093
-0.000122817 0.000205358
-0.000125477 0.000216309
-0.000126728 0.000226736
-0.000126107 0.000236362
-0.000123059 0.000244817
-0.000116926 0.000251627
-0.000106921 0.000256186
-9.20814e-05 0.00025772
-7.11056e-05 0.000255227
-4.2406e-05 0.000247372
-1.95969e-06 0.000230977
5.54148e-05 0.000204233
0.000129205 0.000170684
0.000215235 0.000135447
0.000309217 0.000103182
0.000413801 7.35711e-05
0.000528336 4.70807e-05
0.00065408 2.72795e-05
0.000749928 1.05719e-05
-1.73276e-05 1.7301e-06
-1.05552e-05 6.84519e-06
-1.09654e-05 1.39679e-05
-1.69785e-05 2.17166e-05
-2.4958e-05 2.957e-05
-3.42504e-05 3.75065e-05
-4.33346e-05 4.56159e-05
-5.19434e-05 5.40174e-05
-5.98586e-05 6.27735e-05
-6.71395e-05 7.19004e-05
-7.38887e-05 8.13801e-05
-8.02439e-05 9.11776e-05
-8.6332e-05 0.000101252
-9.22579e-05 0.000111561
-9.80939e-05 0.000122067
-0.000103875 0.000132731
-0.000109595 0.000143517
-0.000115204 0.000154382
-0.000120603 0.000165273
-0.000125645 0.000176124
-0.000130121 0.000186845
-0.000133758 0.000197316
-0.00013621 0.000207373
-0.000137045 0.0002168
-0.000135735 0.000225308
-0.00013165 0.000232522
-0.000124034 0.000237953
-0.000111988 0.000240972
-9.43947e-05 0.00024075
-6.98306e-05 0.000236201
-3.61601e-05 0.00022555
1.12595e-05 0.000205882
7.46878e-05 0.000178179
0.000151158 0.000146833
0.000236537 0.000116061
0.000329412 8.83897e-05
0.000432008 6.29751e-05
0.000542975 4.04641e-05
0.000662789 2.35086e-05
0.000755227 8.9782e-06
-1.84592e-05 1.59813e-06
-1.46284e-05 6.35747e-06
-1.60812e-05 1.30379e-05
-2.21698e-05 2.05081e-05
-3.01685e-05 2.82162e-05
-3.95719e-05 3.60254e-05
-4.89671e-05 4.39466e-05
-5.8008e-05 5.20669e-05
-6.64189e-05 6.04504e-05
-7.42069e-05 6.91308e-05
-8.14454e-05 7.81101e-05
-8.82574e-05 8.73706e-05
-9.47649e-05 9.68826e-05
-0.000101073 0.000106611
-0.000107254 0.000116518
-0.000113343 0.000126564
-0.000119334 0.000136706
-0.000125169 0.000146894
-0.000130744 0.000157069
-0.000135892 0.000167156
-0.000140387 0.000177057
-0.000143927 0.000186646
-0.000146128 0.000195754
-0.00014651 0.00020416
-0.000144487 0.000211576
-0.000139351 0.000217622
-0.000130251 0.000221804
-0.000116165 0.000223474
-9.58086e-05 0.000221748
-6.76192e-05 0.000215428
-2.88601e-05 0.000202377
2.43477e-05 0.000181073
9.15556e-05 0.000154271
0.000169092 0.000125992
0.000253566 9.95165e-05
0.000345929 7.54968e-05
0.000446689 5.3873e-05
0.000554227 3.46119e-05
0.000669545 1.99351e-05
0.000759513 7.15097e-06
-1.92864e-05 1.49044e-06
-1.82261e-05 5.89082e-06
-2.09772e-05 1.20789e-05
-2.73777e-05 1.91513e-05
-3.54654e-05 2.65769e-05
-4.49166e-05 3.4142e-05
-5.44981e-05 4.17852e-05
-6.38347e-05 4.9551e-05
-7.2621e-05 5.7491e-05
-8.08207e-05 6.5645e-05
-8.84782e-05 7.40296e-05
-9.56973e-05 8.26428e-05
-0.000102589 9.14686e-05
-0.000109252 0.000100482
-0.000115757 0.00010965
-0.000122134 0.000118935
-0.000128372 0.000128295
-0.000134409 0.000137676
-0.000140128 0.000147015
-0.000145352 0.000156233
-0.000149834 0.00016523
-0.000153247 0.000173876
-0.000155174 0.000182002
-0.000155094 0.00018939
-0.000152363 0.000195753
-0.000146201 0.000200716
-0.00013566 0.000203787
-0.000119594 0.000204301
-9.65567e-05 0.000201349
-6.4802e-05 0.000193638
-2.13861e-05 0.000179036
3.60808e-05 0.000157557
0.000105514 0.000132691
0.000183068 0.000107946
0.000267472 8.49391e-05
0.00035915 6.40385e-05
0.000458201 4.5617e-05
0.000562792 2.91918e-05
0.000674683 1.64766e-05
0.000762846 5.37105e-06
-1.98863e-05 1.38911e-06
-2.13732e-05 5.41757e-06
-2.55459e-05 1.10847e-05
-3.24438e-05 1.7675e-05
-4.07077e-05 2.47044e-05
-5.01847e-05 3.19155e-05
-5.98589e-05 3.91893e-05
-6.93703e-05 4.65262e-05
-7.84125e-05 5.39568e-05
-8.69203e-05 6.15185e-05
-9.4914e-05 6.92364e-05
-0.000102477 7.71213e-05
-0.000109706 8.51704e-05
-0.000116689 9.33696e-05
-0.000123489 0.000101695
-0.000130131 0.000110116
-0.000136595 0.00011859
-0.000142811 0.000127066
-0.000148654 0.000135482
-0.000153931 0.000143757
-0.00015838 0.000151791
-0.000161652 0.000159456
-0.000163303 0.000166587
-0.000162771 0.000172972
-0.000159365 0.000178333
-0.000152235 0.000182304
-0.000140343 0.000184399
-0.000122424 0.000183954
-9.68948e-05 0.00018006
-6.18399e-05 0.000171394
-1.4586e-05 0.000156237
4.57978e-05 0.000135679
0.000116313 0.000113334
0.000194118 9.16421e-05
0.000278566 7.16966e-05
0.000369503 5.36659e-05
0.000466896 3.79615e-05
0.00056906 2.40423e-05
0.000678311 1.31464e-05
0.000765111 3.78867e-06
-2.02908e-05 1.28394e-06
-2.40999e-05 4.91912e-06
-2.97264e-05 1.00443e-05
-3.72467e-05 1.60938e-05
-4.57678e-05 2.2637e-05
-5.52719e-05 2.93976e-05
-6.49716e-05 3.62152e-05
-7.45547e-05 4.30499e-05
-8.37406e-05 4.99088e-05
-9.24519e-05 5.68209e-05
-0.000100692 6.38148e-05
-0.000108527 7.0911e-05
-0.000116038 7.81184e-05
-0.000123299 8.54344e-05
-0.000130361 9.28452e-05
-0.000137241 0.000100326
-0.000143908 0.000107842
-0.000150285 0.000115346
-0.000156233 0.000122777
-0.00016155 0.000130059
-0.000165957 0.000137094
-0.000169088 0.00014376
-0.000170474 0.0001499
-0.000169523 0.00015531
-0.000165499 0.000159726
-0.000157492 0.000162799
-0.000144384 0.000164055
-0.000124808 0.00016285
-9.70908e-05 0.000158308
-5.92426e-05 0.000149175
-9.09523e-06 0.000134317
5.32162e-05 0.00011534
0.000124435 9.55553e-05
0.000202612 7.65405e-05
0.000286983 5.92928e-05
0.00037721 4.4021e-05
0.000473051 3.07049e-05
0.000573217 1.90501e-05
0.000680407 9.95398e-06
0.000766124 2.47598e-06
-2.05078e-05 1.16958e-06
-2.64282e-05 4.38378e-06
-3.3485e-05 8.94852e-06
-4.16975e-05 1.44155e-05
-5.05364e-05 2.04032e-05
-6.00775e-05 2.66319e-05
-6.9754e-05 3.29143e-05
-7.93228e-05 3.91776e-05
-8.85508e-05 4.54057e-05
-9.73649e-05 5.16169e-05
-0.000105762 5.78398e-05
-0.000113793 6.41014e-05
-0.000121523 7.04208e-05
-0.000129014 7.68059e-05
-0.000136302 8.3253e-05
-0.000143391 8.97461e-05
-0.000150239 9.62572e-05
-0.000156758 0.000102745
-0.000162799 0.000109155
-0.000168147 0.000115415
-0.000172512 0.000121435
-0.000175513 0.0001271
-0.000176661 0.000132263
-0.000175338 0.000136736
-0.000170774 0.000140272
-0.00016201 0.000142541
-0.000147864 0.000143098
-0.000126895 0.000141336
-9.73809e-05 0.000136444
-5.74088e-05 0.000127338
-5.25664e-06 0.000113347
5.82521e-05 9.62586e-05
0.000130223 7.86964e-05
0.000208709 6.22459e-05
0.00029283 4.74516e-05
0.000382283 3.46529e-05
0.000476769 2.36281e-05
0.000575299 1.41006e-05
0.000680877 6.85131e-06
0.000765737 1.43271e-06
-2.05341e-05 1.04304e-06
-2.83713e-05 3.80509e-06
-3.68029e-05 7.79141e-06
-4.57322e-05 1.26454e-05
-5.4924e-05 1.8025e-05
-6.45092e-05 2.36554e-05
-7.41242e-05 2.93335e-05
-8.36063e-05 3.49615e-05
-9.27861e-05 4.05035e-05
-0.00010161 4.59672e-05
-0.000110076 5.13791e-05
-0.000118227 5.67709e-05
-0.000126115 6.21696e-05
-0.000133785 6.75927e-05
-0.000141259 7.30461e-05
-0.000148526 7.85227e-05
-0.000155532 8.40023e-05
-0.000162177 8.94513e-05
-0.0001683 9.48216e-05
-0.000173677 0.00010005
-0.000178007 0.000105053
-0.000180897 0.000109728
-0.000181843 0.000113941
-0.000180212 0.000117521
-0.000175205 0.000120242
-0.000165831 0.000121803
-0.000150862 0.000121796
-0.000128817 0.000119674
-9.79658e-05 0.000114718
-5.65275e-05 0.000106042
-3.1507e-06 9.32583e-05
6.13278e-05 7.78832e-05
0.000133785 6.24392e-05
0.000212348 4.83092e-05
0.000296133 3.59519e-05
0.000384749 2.53776e-05
0.000478057 1.65506e-05
0.000575272 9.12227e-06
0.00067964 3.80408e-06
0.000763876 6.41002e-07
-2.03606e-05 9.02612e-07
-2.9936e-05 3.18011e-06
-3.96693e-05 6.57097e-06
-4.93055e-05 1.07895e-05
-5.88587e-05 1.55216e-05
-6.8485e-05 2.05006e-05
-7.80036e-05 2.55151e-05
-8.73367e-05 3.04505e-05
-9.63889e-05 3.52558e-05
-0.000105137 3.99295e-05
-0.000113593 4.44962e-05
-0.000121792 4.89905e-05
-0.000129776 5.3446e-05
-0.000137574 5.78885e-05
-0.000145193 6.23323e-05
-0.000152607 6.67789e-05
-0.000159748 7.12165e-05
-0.000166503 7.56192e-05
-0.000172701 7.99473e-05
-0.000178109 8.41462e-05
-0.000182416 8.8144e-05
-0.000185222 9.1849e-05
-0.000186014 9.51435e-05
-0.000184147 9.78756e-05
-0.00017881 9.98456e-05
-0.000168992 0.000100787
-0.000153446 0.00010034
-0.000130676 9.80268e-05
-9.89707e-05 9.32378e-05
-5.66817e-05 8.52817e-05
-2.46451e-06 7.37243e-05
6.25583e-05 6.00086e-05
0.000135237 4.66155e-05
0.000213638 3.45893e-05
0.000296922 2.44368e-05
0.000384699 1.60301e-05
0.000476947 9.35429e-06
0.000573097 4.04857e-06
0.000676613 7.70473e-07
0.000760466 1.039e-07
-1.9976e-05 7.47436e-07
-3.11263e-05 2.50858e-06
-4.20782e-05 5.28879e-06
-5.2385e-05 8.85565e-06
-6.2284e-05 1.29114e-05
-7.19342e-05 1.71973e-05
-8.13195e-05 2.1499e-05
-9.04469e-05 2.56915e-05
-9.93017e-05 2.97142e-05
-0.0001079 3.356e-05
-0.000116271 3.72518e-05
-0.000124452 4.08271e-05
-0.000132474 4.43247e-05
-0.000140352 4.7777e-05
-0.000148077 5.1206e-05
-0.000155607 5.46209e-05
-0.000162861 5.80174e-05
-0.000169712 6.13781e-05
-0.00017598 6.4672e-05
-0.000181423 6.78541e-05
-0.000185724 7.08643e-05
-0.000188477 7.36243e-05
-0.000189168 7.60338e-05
-0.000187148 7.79624e-05
-0.000181604 7.92389e-05
-0.000171523 7.96349e-05
-0.00015566 7.88446e-05
-0.000132532 7.64662e-05
-0.000100446 7.19955e-05
-5.78429e-05 6.4893e-05
-3.09681e-06 5.45767e-05
6.21227e-05 4.25461e-05
0.000134724 3.09838e-05
0.000212746 2.10068e-05
0.000295351 1.28594e-05
0.000382246 6.54454e-06
0.000473526 2.00684e-06
0.000568809 -1.13274e-06
0.000671778 -2.25473e-06
0.000755514 -2.00208e-07
-1.93682e-05 5.7735e-07
-3.19455e-05 1.79255e-06
-4.40279e-05 3.95016e-06
-5.49488e-05 6.85484e-06
-6.51558e-05 1.02145e-05
-7.47964e-05 1.37757e-05
-8.40055e-05 1.7324e-05
-9.28736e-05 2.07303e-05
-0.000101469 2.39304e-05
-0.000109852 2.69147e-05
-0.000118075 2.97068e-05
-0.000126178 3.23467e-05
-0.000134186 3.48777e-05
-0.000142099 3.73377e-05
-0.000149893 3.97545e-05
-0.000157509 4.21438e-05
-0.000164854 4.45087e-05
-0.000171788 4.68393e-05
-0.000178122 4.91136e-05
-0.000183606 5.12968e-05
-0.000187921 5.33408e-05
-0.000190658 5.5182e-05
-0.000191306 5.67379e-05
-0.00018922 5.79008e-05
-0.000183596 5.85293e-05
-0.000173439 5.84347e-05
-0.000157521 5.7366e-05
-0.000134389 5.49952e-05
-0.000102368 5.09128e-05
-5.98781e-05 4.46485e-05
-4.97718e-06 3.56113e-05
6.01176e-05 2.52638e-05
0.00013236 1.54284e-05
0.000209759 7.31086e-06
0.000291538 1.0954e-06
0.000377473 -3.17651e-06
0.00046782 -5.57095e-06
0.000562377 -6.47931e-06
0.000665085 -5.33288e-06
0.000749061 -3.77536e-07
-1.85255e-05 3.92943e-07
-3.23983e-05 1.03652e-06
-4.55206e-05 2.56438e-06
-5.69829e-05 4.80265e-06
-6.74402e-05 7.45422e-06
-7.70202e-05 1.02678e-05
-8.60023e-05 1.30305e-05
-9.45576e-05 1.56146e-05
-0.000102838 1.79576e-05
-0.00011095 2.00522e-05
-0.000118971 2.19246e-05
-0.000126947 2.3618e-05
-0.000134894 2.51791e-05
-0.000142801 2.66499e-05
-0.000150628 2.80626e-05
-0.000158303 2.94383e-05
-0.000165717 3.07859e-05
-0.000172722 3.21028e-05
-0.000179118 3.33754e-05
-0.000184653 3.45791e-05
-0.000189002 3.56782e-05
-0.000191762 3.66239e-05
-0.000192426 3.7352e-05
-0.000190362 3.77778e-05
-0.000184788 3.77889e-05
-0.000174733 3.72359e-05
-0.000159012 3.59197e-05
-0.000136209 3.35789e-05
-0.000104661 2.98816e-05
-6.26539e-05 2.43815e-05
-8.04564e-06 1.66535e-05
5.6576e-05 7.86933e-06
0.00012818 -2.63879e-07
0.000204734 -6.66206e-06
0.000285497 -1.10258e-05
0.00037036 -1.32832e-05
0.00045976 -1.351e-05
0.000553694 -1.21037e-05
0.000656437 -8.57672e-06
0.000741071 -5.90859e-07
-1.74382e-05 1.95721e-07
-3.24929e-05 2.4794e-07
-4.65639e-05 1.1455e-06
-5.84803e-05 2.72036e-06
-6.91112e-05 4.65968e-06
-7.85627e-05 6.71055e-06
-8.72574e-05 8.66274e-06
-9.54458e-05 1.03955e-05
-0.000103361 1.18537e-05
-0.000111156 1.30365e-05
-0.000118931 1.3975e-05
-0.000126737 1.4716e-05
-0.000134584 1.53089e-05
-0.000142449 1.57982e-05
-0.000150278 1.62192e-05
-0.000157984 1.65964e-05
-0.000165447 1.69435e-05
-0.000172508 1.72643e-05
-0.000178964 1.75529e-05
-0.000184555 1.77949e-05
-0.000188962 1.79666e-05
-0.000191783 1.80344e-05
-0.000192522 1.79521e-05
-0.000190568 1.76573e-05
-0.000185165 1.70659e-05
-0.000175384 1.60645e-05
-0.000160088 1.45006e-05
-0.000137912 1.21707e-05
-0.000107205 8.80183e-06
-6.60983e-05 3.9924e-06
-1.22342e-05 -2.52508e-06
5.15387e-05 -9.80832e-06
0.000122196 -1.63314e-05
0.000197669 -2.11283e-05
0.000277188 -2.36965e-05
0.000360807 -2.39644e-05
0.000449187 -2.19876e-05
0.000542567 -1.81635e-05
0.000645669 -1.21372e-05
0.000731375 -1.09919e-06
-1.60993e-05 -1.16652e-08
-3.22427e-05 -5.62019e-07
-4.7171e-05 -2.86497e-07
-5.94404e-05 6.36579e-07
-7.01496e-05 1.86728e-06
-7.93873e-05 3.14748e-06
-8.77252e-05 4.27161e-06
-9.54922e-05 5.13131e-06
-0.000102999 5.68449e-06
-0.000110439 5.94071e-06
-0.000117933 5.93799e-06
-0.000125535 5.72679e-06
-0.000133249 5.35836e-06
-0.00014104 4.87809e-06
-0.00014884 4.32239e-06
-0.00015655 3.71781e-06
-0.00016404 3.08152e-06
-0.000171143 2.42237e-06
-0.000177652 1.74191e-06
-0.000183307 1.03513e-06
-0.00018779 2.90494e-07
-0.000190709 -5.109e-07
-0.000191582 -1.39726e-06
-0.00018982 -2.40925e-06
-0.000184701 -3.60458e-06
-0.000175346 -5.06395e-06
-0.000160678 -6.89963e-06
-0.000139389 -9.26617e-06
-0.000109851 -1.23896e-05
-7.00818e-05 -1.66057e-05
-1.74468e-05 -2.21193e-05
4.50741e-05 -2.79807e-05
0.00011445 -3.30426e-05
0.000188533 -3.62772e-05
0.000266537 -3.7149e-05
0.000348648 -3.54422e-05
0.000435853 -3.12265e-05
0.000528698 -2.4856e-05
0.000632533 -1.61779e-05
0.00071963 -2.25709e-06
-1.4506e-05 -2.25101e-07
-3.16689e-05 -1.37743e-06
-4.73632e-05 -1.7042e-06
-5.98684e-05 -1.41097e-06
-7.05409e-05 -8.7719e-07
-7.9463e-05 -3.68604e-07
-8.73674e-05 -8.28869e-08
-9.46588e-05 -1.09693e-07
-0.000101719 -4.7271e-07
-0.000108775 -1.14859e-06
-0.000115963 -2.09135e-06
-0.000123335 -3.24719e-06
-0.000130888 -4.56449e-06
-0.000138575 -5.99866e-06
-0.000146316 -7.51396e-06
-0.000154002 -9.08345e-06
-0.000161495 -1.06879e-05
-0.000168622 -1.23142e-05
-0.000175174 -1.39543e-05
-0.000180894 -1.56041e-05
-0.00018547 -1.72634e-05
-0.00018852 -1.89362e-05
-0.00018958 -2.06329e-05
-0.000188087 -2.2373e-05
-0.000183357 -2.41893e-05
-0.000174562 -2.61328e-05
-0.000160692 -2.8281e-05
-0.000140512 -3.0747e-05
-0.000112427 -3.37129e-05
-7.44192e-05 -3.74355e-05
-2.35328e-05 -4.21218e-05
3.73262e-05 -4.68307e-05
0.000105 -5.05639e-05
0.000177317 -5.23749e-05
0.000253427 -5.16165e-05
0.000333669 -4.79755e-05
0.000419415 -4.14869e-05
0.000511648 -3.24166e-05
0.000616692 -2.08086e-05
0.000705246 -4.43202e-06
-1.2662e-05 -4.38635e-07
-3.08031e-05 -2.17631e-06
-4.71702e-05 -3.07094e-06
-5.97747e-05 -3.37365e-06
-7.02741e-05 -3.51685e-06
-7.87638e-05 -3.77393e-06
-8.61532e-05 -4.32901e-06
-9.29182e-05 -5.24581e-06
-9.95023e-05 -6.52479e-06
-0.000106155 -8.12669e-06
-0.000113018 -9.99752e-06
-0.00012014 -1.20815e-05
-0.000127508 -1.43286e-05
-0.000135062 -1.66969e-05
-0.000142713 -1.91533e-05
-0.000150343 -2.16719e-05
-0.000157808 -2.42325e-05
-0.000164935 -2.68188e-05
-0.000171515 -2.94167e-05
-0.000177297 -3.20133e-05
-0.000181976 -3.45966e-05
-0.000185185 -3.7156e-05
-0.00018648 -3.96838e-05
-0.000185325 -4.21785e-05
-0.000181076 -4.46483e-05
-0.000172958 -4.71165e-05
-0.000160031 -4.9629e-05
-0.000141139 -5.22629e-05
-0.000114751 -5.51576e-05
-7.88946e-05 -5.84947e-05
-3.02645e-05 -6.24988e-05
2.85196e-05 -6.62752e-05
9.40503e-05 -6.89295e-05
0.000164099 -6.95326e-05
0.000237786 -6.73506e-05
0.0003156 -6.1938e-05
0.000399381 -5.31982e-05
0.000490744 -4.12106e-05
0.000597551 -2.61696e-05
0.000688392 -7.10345e-06
-1.05796e-05 -6.44012e-07
-2.96916e-05 -2.92899e-06
-4.66316e-05 -4.33871e-06
-5.91731e-05 -5.1903e-06
-6.93399e-05 -5.98264e-06
-7.72686e-05 -6.99231e-06
-8.40616e-05 -8.38096e-06
-9.02565e-05 -1.01785e-05
-9.63436e-05 -1.23584e-05
-0.000102581 -1.48652e-05
-0.000109109 -1.76386e-05
-0.000115964 -2.06232e-05
-0.000123122 -2.3773e-05
-0.000130513 -2.70512e-05
-0.000138039 -3.0429e-05
-0.000145575 -3.38828e-05
-0.000152977 -3.73924e-05
-0.000160072 -4.09386e-05
-0.000166657 -4.45017e-05
-0.000172487 -4.806e-05
-0.000177272 -5.15898e-05
-0.00018066 -5.50654e-05
-0.000182228 -5.8461e-05
-0.000181471 -6.17532e-05
-0.000177785 -6.49254e-05
-0.000170447 -6.79729e-05
-0.000158584 -7.09112e-05
-0.000141128 -7.37829e-05
-0.000116632 -7.66861e-05
-8.32526e-05 -7.97378e-05
-3.74004e-05 -8.3152e-05
1.89419e-05 -8.6153e-05
8.19325e-05 -8.78915e-05
0.000149204 -8.7453e-05
0.000219813 -8.40819e-05
0.00029437 -7.71787e-05
0.000375288 -6.64366e-05
0.000465044 -5.15553e-05
0.00057395 -3.25867e-05
0.00066841 -9.93256e-06
-8.28374e-06 -8.30016e-07
-2.84005e-05 -3.59614e-06
-4.57962e-05 -5.44602e-06
-5.80771e-05 -6.78655e-06
-6.77282e-05 -8.19336e-06
-7.49617e-05 -9.93467e-06
-8.10844e-05 -1.21371e-05
-8.6677e-05 -1.47889e-05
-9.22577e-05 -1.78354e-05
-9.8077e-05 -2.12067e-05
-0.000104262 -2.484e-05
-0.000110835 -2.8684e-05
-0.000117757 -3.26999e-05
-0.000124949 -3.68586e-05
-0.000132307 -4.11367e-05
-0.000139704 -4.55144e-05
-0.000146997 -4.99715e-05
-0.000154018 -5.4486e-05
-0.000160572 -5.90321e-05
-0.000166428 -6.35794e-05
-0.000171309 -6.80919e-05
-0.000174883 -7.25287e-05
-0.000176754 -7.68453e-05
-0.000176446 -8.09957e-05
-0.000173393 -8.49371e-05
-0.000166924 -8.86352e-05
-0.000156231 -9.20723e-05
-0.00014033 -9.52556e-05
-0.000117883 -9.82391e-05
-8.722e-05 -0.000101087
-4.4669e-05 -0.00010396
8.87254e-06 -0.000106294
6.89939e-05 -0.000107214
0.000133072 -0.000105829
0.000199988 -0.00010135
0.000270381 -9.3071e-05
0.00034719 -8.04384e-05
0.000433925 -6.26971e-05
0.000544434 -3.99069e-05
0.000642837 -1.19992e-05
-5.81961e-06 -9.81321e-07
-2.7023e-05 -4.12617e-06
-4.47178e-05 -6.31636e-06
-5.64951e-05 -8.07584e-06
-6.54271e-05 -1.00574e-05
-7.18362e-05 -1.24997e-05
-7.72305e-05 -1.54788e-05
-8.22056e-05 -1.89354e-05
-8.72826e-05 -2.27887e-05
-9.26873e-05 -2.69599e-05
-9.85241e-05 -3.13893e-05
-0.000104795 -3.60348e-05
-0.000111449 -4.08688e-05
-0.000118399 -4.58716e-05
-0.000125536 -5.10274e-05
-0.000132737 -5.63197e-05
-0.000139863 -6.17285e-05
-0.000146756 -6.72283e-05
-0.000153232 -7.27864e-05
-0.000159076 -7.83625e-05
-0.000164029 -8.3908e-05
-0.000167784 -8.93663e-05
-0.000169971 -9.46736e-05
-0.000170147 -9.97609e-05
-0.000167785 -0.000104558
-0.000162263 -0.000108997
-0.000152833 -0.000113024
-0.000138593 -0.000116606
-0.00011832 -0.000119743
-9.05236e-05 -0.000122462
-5.17349e-05 -0.000124831
-1.4146e-06 -0.000126539
5.55657e-05 -0.000126643
0.00011612 -0.000124329
0.000178832 -0.000118785
0.000244185 -0.000109175
0.00031546 -9.471e-05
0.000397108 -7.41794e-05
0.000507338 -4.80228e-05
0.000608641 -1.34906e-05
-3.26601e-06 -1.076e-06
-2.56837e-05 -4.45263e-06
-4.34447e-05 -6.85911e-06
-5.44216e-05 -8.964e-06
-6.24224e-05 -1.14774e-05
-6.78988e-05 -1.45763e-05
-7.25332e-05 -1.827e-05
-7.68968e-05 -2.24511e-05
-8.14852e-05 -2.70193e-05
-8.64829e-05 -3.1896e-05
-9.19634e-05 -3.70327e-05
-9.79075e-05 -4.24024e-05
-0.000104251 -4.79923e-05
-0.000110901 -5.37948e-05
-0.000117753 -5.98019e-05
-0.000124687 -6.60005e-05
-0.000131575 -7.23696e-05
-0.000138271 -7.88787e-05
-0.000144606 -8.54871e-05
-0.000150385 -9.21432e-05
-0.000155371 -9.87844e-05
-0.000159283 -0.000105338
-0.00016178 -0.00011172
-0.000162455 -0.000117839
-0.000160825 -0.000123597
-0.000156313 -0.000128891
-0.000148229 -0.000133625
-0.000135744 -0.000137716
-0.000117753 -0.000141106
-9.28906e-05 -0.00014378
-5.8201e-05 -0.000145688
-1.16536e-05 -0.000146723
4.19593e-05 -0.000145938
9.87708e-05 -0.000142632
0.0001569 -0.000135973
0.000216464 -0.000125002
0.000280779 -0.000108723
0.000354828 -8.55921e-05
0.000460951 -5.62138e-05
0.000562386 -1.68338e-05
-7.65522e-07 -1.08244e-06
-2.45333e-05 -4.4913e-06
-4.19997e-05 -6.97512e-06
-5.18301e-05 -9.35829e-06
-5.8702e-05 -1.23569e-05
-6.31786e-05 -1.60462e-05
-6.70584e-05 -2.03575e-05
-7.08402e-05 -2.51427e-05
-7.49654e-05 -3.0295e-05
-7.95634e-05 -3.57488e-05
-8.46725e-05 -4.14757e-05
-9.02518e-05 -4.74705e-05
-9.62275e-05 -5.37385e-05
-0.000102508 -6.02854e-05
-0.000108993 -6.71109e-05
-0.000115575 -7.42043e-05
-0.000122138 -8.1542e-05
-0.000128553 -8.9087e-05
-0.00013467 -9.67883e-05
-0.000140315 -0.000104582
-0.000145275 -0.000112389
-0.000149298 -0.00012012
-0.000152077 -0.000127673
-0.000153243 -0.000134931
-0.000152357 -0.00014177
-0.000148893 -0.000148054
-0.000142221 -0.00015364
-0.000131576 -0.000158389
-0.000115966 -0.000162171
-9.41018e-05 -0.000164905
-6.37078e-05 -0.000166397
-2.15635e-05 -0.000166672
2.84539e-05 -0.000164875
8.13968e-05 -0.000160446
0.000134744 -0.000152503
0.00018804 -0.000140043
0.000244174 -0.0001219
0.000308264 -9.6297e-05
0.000405048 -6.32675e-05
0.000506117 -1.87355e-05
1.42001e-06 -9.50264e-07
-2.37083e-05 -4.14688e-06
-4.03522e-05 -6.57787e-06
-4.86701e-05 -9.18496e-06
-5.42667e-05 -1.26108e-05
-5.77397e-05 -1.67886e-05
-6.09133e-05 -2.15731e-05
-6.41653e-05 -2.67932e-05
-6.78576e-05 -3.23557e-05
-7.20575e-05 -3.82218e-05
-7.6767e-05 -4.43938e-05
-8.19277e-05 -5.08926e-05
-8.74625e-05 -5.77437e-05
-9.32855e-05 -6.49659e-05
-9.93079e-05 -7.25651e-05
-0.000105438 -8.05309e-05
-0.000111576 -8.88355e-05
-0.000117612 -9.74338e-05
-0.000123418 -0.000106263
-0.000128842 -0.000115246
-0.000133699 -0.000124287
-0.000137766 -0.000133278
-0.00014077 -0.000142097
-0.000142385 -0.000150607
-0.000142219 -0.000158657
-0.000139803 -0.000166079
-0.000134573 -0.000172688
-0.000125835 -0.000178285
-0.000112702 -0.000182655
-9.3964e-05 -0.000185606
-6.79204e-05 -0.000186836
-3.08358e-05 -0.000186211
1.52907e-05 -0.000183319
6.42819e-05 -0.000177509
0.000112829 -0.000167985
0.000159745 -0.000153797
0.000207078 -0.00013364
0.00025934 -0.000105404
0.000343385 -6.88748e-05
0.000437091 -2.00252e-05
2.84532e-06 -6.17703e-07
-2.32339e-05 -3.32231e-06
-3.83928e-05 -5.61747e-06
-4.48797e-05 -8.40478e-06
-4.91506e-05 -1.21682e-05
-5.16956e-05 -1.66777e-05
-5.42536e-05 -2.17293e-05
-5.70424e-05 -2.71625e-05
-6.03289e-05 -3.29182e-05
-6.41182e-05 -3.90012e-05
-6.83816e-05 -4.545e-05
-7.30509e-05 -5.23144e-05
-7.8054e-05 -5.96384e-05
-8.33177e-05 -6.74503e-05
-8.87701e-05 -7.57588e-05
-9.43375e-05 -8.45513e-05
-9.99408e-05 -9.37944e-05
-0.00010549 -0.000103434
-0.000110881 -0.000113398
-0.000115983 -0.000123593
-0.000120639 -0.000133911
-0.000124657 -0.000144226
-0.000127801 -0.000154394
-0.000129785 -0.000164259
-0.00013027 -0.000173645
-0.000128849 -0.000182358
-0.000125034 -0.000190175
-0.000118217 -0.000196842
-0.000107625 -0.000202061
-9.21573e-05 -0.000205499
-7.04757e-05 -0.000206746
-3.89638e-05 -0.000205351
2.64538e-06 -0.000201232
4.75486e-05 -0.000193609
9.15059e-05 -0.000182041
0.000132275 -0.000165786
0.000170758 -0.000143375
0.000211365 -0.000113054
0.000276887 -7.4664e-05
0.000358052 -2.6761e-05
3.04358e-06 -1.54996e-07
-2.29167e-05 -2.04615e-06
-3.59393e-05 -4.13578e-06
-4.0419e-05 -7.0367e-06
-4.34477e-05 -1.0985e-05
-4.52215e-05 -1.55906e-05
-4.72831e-05 -2.06402e-05
-4.96761e-05 -2.60159e-05
-5.25679e-05 -3.17209e-05
-5.59125e-05 -3.7808e-05
-5.96599e-05 -4.43573e-05
-6.37465e-05 -5.14417e-05
-6.81152e-05 -5.91159e-05
-7.27119e-05 -6.74102e-05
-7.74848e-05 -7.63304e-05
-8.23802e-05 -8.58586e-05
-8.73388e-05 -9.59554e-05
-9.22912e-05 -0.000106561
-9.71532e-05 -0.000117595
-0.00010182 -0.000128959
-0.000106162 -0.000140532
-0.000110015 -0.000152175
-0.000113179 -0.000163729
-0.000115413 -0.000175015
-0.000116428 -0.000185836
-0.000115884 -0.000195973
-0.000113377 -0.000205174
-0.000108406 -0.000213144
-0.00010033 -0.000219522
-8.82142e-05 -0.000223854
-7.08578e-05 -0.000225613
-4.53969e-05 -0.000223865
-9.24601e-06 -0.000218438
3.12781e-05 -0.000208611
7.07513e-05 -0.000194586
0.000106159 -0.000175573
0.000136582 -0.000150771
0.000166591 -0.000119849
0.000213949 -8.22584e-05
0.000268429 -3.0762e-05
2.08287e-06 5.26913e-07
-2.23984e-05 -4.82836e-07
-3.2809e-05 -2.2573e-06
-3.5337e-05 -5.11584e-06
-3.73409e-05 -8.98019e-06
-3.85557e-05 -1.33577e-05
-4.02415e-05 -1.8074e-05
-4.22844e-05 -2.31055e-05
-4.47653e-05 -2.85126e-05
-4.7597e-05 -3.44113e-05
-5.07361e-05 -4.09079e-05
-5.4139e-05 -4.80829e-05
-5.77727e-05 -5.59848e-05
-6.16055e-05 -6.46332e-05
-6.56052e-05 -7.40225e-05
-6.97357e-05 -8.41271e-05
-7.39543e-05 -9.49034e-05
-7.82089e-05 -0.000106292
-8.24344e-05 -0.000118216
-8.65484e-05 -0.00013058
-9.04465e-05 -0.000143266
-9.39964e-05 -0.000156131
-9.70328e-05 -0.000169007
-9.93543e-05 -0.000181699
-0.000100723 -0.000193987
-0.000100868 -0.00020563
-9.94737e-05 -0.00021635
-9.61615e-05 -0.000225821
-9.04384e-05 -0.000233642
-8.15735e-05 -0.000239289
-6.8499e-05 -0.000242124
-4.94184e-05 -0.000240988
-1.99103e-05 -0.000234511
1.55614e-05 -0.000222511
5.05819e-05 -0.000205323
8.09104e-05 -0.000183476
0.000105026 -0.000155883
0.000126101 -0.000123696
0.000155288 -8.77325e-05
0.00019406 -3.63073e-05
2.27763e-07 1.31829e-06
-2.11386e-05 1.30555e-06
-2.89509e-05 -1.66553e-07
-2.98091e-05 -2.73461e-06
-3.10998e-05 -6.13171e-06
-3.19603e-05 -9.90304e-06
-3.33619e-05 -1.3977e-05
-3.50697e-05 -1.8399e-05
-3.70674e-05 -2.33281e-05
-3.92874e-05 -2.89128e-05
-4.17172e-05 -3.52569e-05
-4.43486e-05 -4.2417e-05
-4.71751e-05 -5.04123e-05
-5.01844e-05 -5.92356e-05
-5.33581e-05 -6.88635e-05
-5.66707e-05 -7.92622e-05
-6.00896e-05 -9.03909e-05
-6.35742e-05 -0.000102201
-6.70739e-05 -0.000114635
-7.05255e-05 -0.000127619
-7.38495e-05 -0.000141056
-7.69437e-05 -0.00015482
-7.96775e-05 -0.000168749
-8.18881e-05 -0.000182639
-8.33854e-05 -0.000196256
-8.39637e-05 -0.000209334
-8.34042e-05 -0.000221574
-8.14537e-05 -0.000232627
-7.77745e-05 -0.000242066
-7.18542e-05 -0.000249349
-6.28227e-05 -0.000253754
-4.96993e-05 -0.000254229
-2.81616e-05 -0.000248753
2.44322e-07 -0.000235338
3.0864e-05 -0.00021409
5.76756e-05 -0.000188428
7.59137e-05 -0.000159949
9.17138e-05 -0.000129543
0.000116482 -9.10649e-05
0.000129145 -3.49223e-05
-2.15197e-06 2.10081e-06
-1.90608e-05 3.3064e-06
-2.44072e-05 2.29255e-06
-2.41901e-05 4.3346e-07
-2.49879e-05 -2.05579e-06
-2.56738e-05 -4.87986e-06
-2.68456e-05 -8.03599e-06
-2.81262e-05 -1.17351e-05
-2.95202e-05 -1.61788e-05
-3.10193e-05 -2.14859e-05
-3.2668e-05 -2.76982e-05
-3.44929e-05 -3.48051e-05
-3.65062e-05 -4.2769e-05
-3.87028e-05 -5.15454e-05
-4.10661e-05 -6.10931e-05
-4.35712e-05 -7.1379e-05
-4.61873e-05 -8.23778e-05
-4.88782e-05 -9.40677e-05
-5.16022e-05 -0.000106426
-5.43111e-05 -0.000119422
-5.69479e-05 -0.000133003
-5.94407e-05 -0.000147085
-6.16938e-05 -0.000161533
-6.35808e-05 -0.000176151
-6.49528e-05 -0.000190692
-6.56669e-05 -0.000204871
-6.56092e-05 -0.000218379
-6.46754e-05 -0.000230832
-6.26702e-05 -0.000241785
-5.92348e-05 -0.000250731
-5.37564e-05 -0.000256958
-4.55678e-05 -0.000259503
-3.19622e-05 -0.000256554
-1.26857e-05 -0.000244513
1.03926e-05 -0.000222443
3.44969e-05 -0.000191048
5.27705e-05 -0.000156156
6.35431e-05 -0.000122772
7.45297e-05 -9.0445e-05
9.07497e-05 -5.33558e-05
-4.32375e-06 2.48173e-06
-1.62162e-05 4.75583e-06
-1.94759e-05 4.95237e-06
-1.85843e-05 3.99054e-06
-1.92026e-05 2.66068e-06
-1.98441e-05 9.07949e-07
-2.06827e-05 -1.39732e-06
-2.13819e-05 -4.57633e-06
-2.20558e-05 -8.75361e-06
-2.27908e-05 -1.39246e-05
-2.36805e-05 -2.00084e-05
-2.47699e-05 -2.68985e-05
-2.60664e-05 -3.45026e-05
-2.75541e-05 -4.27569e-05
-2.92054e-05 -5.16279e-05
-3.0988e-05 -6.11058e-05
-3.28674e-05 -7.11971e-05
-3.48075e-05 -8.19175e-05
-3.67707e-05 -9.32876e-05
-3.87183e-05 -0.000105327
-4.06113e-05 -0.000118047
-4.24067e-05 -0.000131431
-4.40453e-05 -0.000145404
-4.54352e-05 -0.000159796
-4.64519e-05 -0.000174333
-4.70529e-05 -0.000188656
-4.72667e-05 -0.000202372
-4.70913e-05 -0.000215147
-4.64093e-05 -0.000226597
-4.49531e-05 -0.000236296
-4.23473e-05 -0.000243649
-3.80482e-05 -0.000247932
-3.0154e-05 -0.000247984
-1.88786e-05 -0.000241882
-5.30606e-06 -0.000225147
1.05097e-05 -0.000197532
2.61207e-05 -0.000159505
4.8704e-05 -0.000119517
6.94164e-05 -6.82939e-05
6.11801e-05 -1.54489e-05
-5.96952e-06 3.25825e-06
-1.31781e-05 7.37102e-06
-1.41291e-05 8.58931e-06
-1.3439e-05 9.37723e-06
-1.38167e-05 9.30546e-06
-1.42012e-05 8.29659e-06
-1.44934e-05 6.07333e-06
-1.4537e-05 2.64427e-06
-1.45318e-05 -1.85054e-06
-1.4637e-05 -7.19221e-06
-1.49634e-05 -1.31499e-05
-1.5531e-05 -1.95602e-05
-1.63171e-05 -2.63408e-05
-1.72817e-05 -3.34731e-05
-1.83837e-05 -4.0979e-05
-1.95849e-05 -4.89018e-05
-2.08506e-05 -5.72924e-05
-2.21468e-05 -6.62035e-05
-2.34379e-05 -7.56883e-05
-2.46883e-05 -8.58076e-05
-2.5869e-05 -9.66322e-05
-2.69627e-05 -0.000108232
-2.79517e-05 -0.000120629
-2.87341e-05 -0.000133762
-2.92576e-05 -0.000147254
-2.96615e-05 -0.000160503
-3.00225e-05 -0.000173153
-3.04456e-05 -0.000184876
-3.08233e-05 -0.000195397
-3.09557e-05 -0.0002044
-3.05758e-05 -0.000211509
-2.88971e-05 -0.000216296
-2.45916e-05 -0.000217747
-1.80049e-05 -0.000214839
-1.07804e-05 -0.000206568
-3.69398e-06 -0.000186451
5.00403e-06 -0.000156179
1.58817e-05 -0.000116207
2.34109e-05 -8.22123e-05
4.12552e-05 2.37589e-05
-6.46458e-06 4.11218e-06
-8.12752e-06 7.38778e-06
-9.54278e-06 1.05966e-05
-8.51594e-06 1.14678e-05
-8.7485e-06 1.14541e-05
-8.40498e-06 9.92245e-06
-8.04545e-06 6.90932e-06
-7.66302e-06 2.76717e-06
-7.27526e-06 -1.94104e-06
-7.09488e-06 -6.82374e-06
-7.18352e-06 -1.16242e-05
-7.49779e-06 -1.63054e-05
-7.98556e-06 -2.09394e-05
-8.5989e-06 -2.56339e-05
-9.30063e-06 -3.04951e-05
-1.00626e-05 -3.56141e-05
-1.08619e-05 -4.10646e-05
-1.16751e-05 -4.69051e-05
-1.24707e-05 -5.31819e-05
-1.32025e-05 -5.99544e-05
-1.38388e-05 -6.73357e-05
-1.43777e-05 -7.54965e-05
-1.4761e-05 -8.47759e-05
-1.4889e-05 -9.53823e-05
-1.4858e-05 -0.000106987
-1.49506e-05 -0.000118843
-1.53654e-05 -0.000130328
-1.6111e-05 -0.000141143
-1.70721e-05 -0.000151118
-1.80494e-05 -0.00016023
-1.88317e-05 -0.000168305
-1.88836e-05 -0.000174808
-1.74121e-05 -0.000178551
-1.42853e-05 -0.000178126
-1.15752e-05 -0.000173071
-9.34851e-06 -0.000164444
-8.80938e-06 -0.000143177
4.29531e-06 -0.000113127
3.87375e-05 -9.91155e-05
-1.02831e-05 -0.000137263
-1.90571e-06 1.86712e-06
-4.06614e-06 6.31833e-06
-3.53781e-06 5.55197e-06
-3.28942e-06 3.17988e-06
-3.314e-06 -2.08005e-07
-2.92647e-06 -4.34599e-06
-2.57408e-06 -8.47644e-06
-2.24301e-06 -1.216e-05
-1.94619e-06 -1.49408e-05
-1.78401e-06 -1.66457e-05
-1.77637e-06 -1.7722e-05
-1.8758e-06 -1.85298e-05
-2.04907e-06 -1.93097e-05
-2.27292e-06 -2.02117e-05
-2.53397e-06 -2.13311e-05
-2.82433e-06 -2.27335e-05
-3.13876e-06 -2.44682e-05
-3.47048e-06 -2.65699e-05
-3.81068e-06 -2.9047e-05
-4.09533e-06 -3.18229e-05
-4.313e-06 -3.49196e-05
-4.46985e-06 -3.84594e-05
-4.53389e-06 -4.26814e-05
-4.38147e-06 -4.80739e-05
-4.10373e-06 -5.47911e-05
-3.91624e-06 -6.27346e-05
-3.8955e-06 -7.18108e-05
-4.03592e-06 -8.18657e-05
-4.38394e-06 -9.23802e-05
-5.09067e-06 -0.000102771
-5.84985e-06 -0.000113062
-6.44031e-06 -0.000123045
-6.07724e-06 -0.000131106
-4.80903e-06 -0.000136294
-3.32917e-06 -0.000137846
-4.68155e-06 -0.000135201
-6.43078e-06 -0.00013363
-8.52579e-06 -0.000125125
-9.03663e-06 -9.56057e-05
-0.000110721 -4.47376e-05
