3.06521e-05 3.06822e-05
3.06089e-05 5.31795e-05
3.07946e-05 7.52758e-05
3.05651e-05 9.77829e-05
3.04027e-05 0.000120803
3.02344e-05 0.000144313
3.01059e-05 0.000168234
3.0004e-05 0.00019248
2.99268e-05 0.000216972
2.98685e-05 0.000241638
2.9825e-05 0.000266423
2.97918e-05 0.000291293
2.97662e-05 0.000316228
2.97466e-05 0.000341218
2.97324e-05 0.000366256
2.97231e-05 0.000391338
2.97185e-05 0.000416461
2.97188e-05 0.000441625
2.97242e-05 0.000466828
2.97349e-05 0.000492071
2.97516e-05 0.000517355
2.97749e-05 0.000542681
2.98056e-05 0.00056805
2.98448e-05 0.000593465
2.98936e-05 0.000618928
2.99531e-05 0.000644443
3.00247e-05 0.000670015
3.011e-05 0.000695649
3.02112e-05 0.000721354
3.03317e-05 0.00074714
3.04786e-05 0.000773018
3.06679e-05 0.000798991
3.09259e-05 0.000825046
3.12949e-05 0.000851139
3.18316e-05 0.000877153
3.27015e-05 0.000902866
3.41483e-05 0.000927755
3.6969e-05 0.000951656
4.5165e-05 0.000970694
7.77264e-05 0.000970541
5.30784e-05 3.06457e-05
5.61572e-05 5.6346e-05
5.64022e-05 8.01129e-05
5.59335e-05 0.000103394
5.54226e-05 0.00012671
5.49612e-05 0.000150137
5.45757e-05 0.000173748
5.4261e-05 0.000197572
5.40088e-05 0.000221617
5.38102e-05 0.000245867
5.36536e-05 0.000270296
5.3529e-05 0.000294875
5.34291e-05 0.000319581
5.3349e-05 0.000344393
5.32856e-05 0.000369298
5.32373e-05 0.000394285
5.3203e-05 0.000419346
5.31827e-05 0.000444477
5.31768e-05 0.000469674
5.31862e-05 0.000494933
5.32123e-05 0.000520254
5.32572e-05 0.000545634
5.33233e-05 0.000571072
5.34138e-05 0.000596568
5.35319e-05 0.00062212
5.36818e-05 0.000647728
5.38679e-05 0.000673388
5.40962e-05 0.000699099
5.43747e-05 0.000724852
5.47173e-05 0.000750638
5.51493e-05 0.000776435
5.57177e-05 0.000802204
5.64931e-05 0.000827879
5.75689e-05 0.000853349
5.91494e-05 0.000878449
6.13104e-05 0.000902929
6.54899e-05 0.000926332
7.25668e-05 0.000947364
0.000101558 0.000964786
0.00012799 0.000972133
7.50946e-05 3.08712e-05
7.96973e-05 5.67256e-05
8.11046e-05 8.177e-05
8.07674e-05 0.000105983
8.02289e-05 0.000129869
7.96348e-05 0.000153653
7.9083e-05 0.000177454
7.8592e-05 0.000201337
7.81725e-05 0.000225345
7.78219e-05 0.000249496
7.75324e-05 0.000273796
7.72943e-05 0.000298238
7.70988e-05 0.000322813
7.69387e-05 0.00034751
7.68089e-05 0.000372318
7.67059e-05 0.000397226
7.66277e-05 0.000422229
7.65737e-05 0.000447319
7.65441e-05 0.000472492
7.65405e-05 0.000497743
7.65654e-05 0.000523067
7.66221e-05 0.000548462
7.67153e-05 0.000573923
7.68507e-05 0.000599446
7.70351e-05 0.000625025
7.72768e-05 0.000650653
7.75861e-05 0.00067632
7.79767e-05 0.000702013
7.84676e-05 0.000727712
7.90899e-05 0.000753386
7.98942e-05 0.000778988
8.09576e-05 0.000804451
8.23783e-05 0.000829684
8.43337e-05 0.00085456
8.6964e-05 0.00087894
9.11644e-05 0.000902381
9.65783e-05 0.000925143
0.000111898 0.000942111
0.000138957 0.000956297
0.000163078 0.000971816
9.74788e-05 3.06896e-05
0.000102739 5.63921e-05
0.000104909 8.1671e-05
0.000105087 0.000106518
0.000104719 0.000130944
0.000104137 0.000155159
0.000103523 0.000179296
0.000102933 0.000203426
0.000102396 0.000227598
0.000101923 0.000251846
0.000101514 0.00027619
0.000101164 0.000300641
0.000100868 0.000325202
0.00010062 0.000349872
0.000100413 0.000374649
0.000100245 0.000399526
0.000100113 0.0004245
0.000100016 0.000449566
9.99544e-05 0.000474719
9.99313e-05 0.000499953
9.99502e-05 0.000525263
0.000100016 0.000550645
0.000100137 0.000576089
0.00010032 0.000601589
0.000100578 0.000627132
0.000100923 0.000652707
0.000101374 0.000678293
0.000101953 0.000703867
0.000102691 0.000729394
0.000103638 0.000754829
0.000104868 0.000780105
0.000106477 0.000805142
0.000108596 0.000829835
0.000111412 0.000854057
0.00011532 0.000877556
0.000120885 0.000900128
0.000130141 0.00092034
0.000149066 0.00093589
0.000172517 0.000953847
0.000195189 0.000971428
0.000120339 3.05638e-05
0.000125767 5.60114e-05
0.000128356 8.13609e-05
0.000128935 0.00010647
0.000128844 0.000131283
0.000128366 0.000155857
0.000127773 0.000180297
0.00012715 0.000204677
0.000126551 0.000229047
0.000125998 0.000253444
0.000125501 0.000277893
0.000125062 0.000302413
0.00012468 0.000327013
0.000124351 0.000351701
0.000124072 0.00037648
0.000123839 0.000401349
0.000123653 0.000426307
0.000123512 0.000451352
0.000123418 0.00047648
0.000123376 0.000501686
0.000123389 0.000526963
0.000123467 0.000552304
0.000123619 0.0005777
0.000123858 0.000603138
0.0001242 0.000628604
0.000124664 0.000654077
0.000125276 0.000679532
0.000126068 0.000704936
0.000127085 0.000730243
0.000128392 0.000755398
0.000130083 0.000780326
0.000132266 0.00080494
0.000135099 0.000829128
0.000138851 0.000852723
0.000143942 0.000875508
0.000151495 0.000896686
0.000164318 0.000915302
0.000182252 0.000932995
0.000204009 0.000951947
0.000225224 0.000971133
0.00014365 3.04313e-05
0.000148858 5.56702e-05
0.000151661 8.09678e-05
0.000152534 0.000106169
0.00015268 0.000131171
0.000152351 0.000155989
0.000151825 0.000180667
0.000151216 0.000205262
0.000150596 0.00022982
0.00015 0.000254373
0.000149446 0.000278948
0.000148943 0.000303564
0.000148494 0.000328235
0.000148099 0.00035297
0.000147758 0.000377776
0.00014747 0.000402656
0.000147235 0.000427612
0.000147055 0.000452643
0.000146933 0.000477747
0.000146875 0.000502918
0.000146887 0.000528151
0.000146982 0.000553437
0.000147172 0.000578764
0.000147475 0.000604117
0.000147911 0.000629479
0.000148508 0.000654824
0.000149297 0.000680121
0.000150322 0.000705331
0.00015164 0.000730402
0.00015333 0.000755271
0.000155497 0.000779864
0.000158266 0.000804088
0.000161838 0.000827819
0.000166522 0.000850881
0.000173014 0.000872842
0.000182732 0.000893075
0.000196545 0.000912037
0.000213647 0.000930887
0.00023407 0.000950678
0.000253956 0.000970918
0.000167334 3.03325e-05
0.000172088 5.53838e-05
0.000174938 8.05849e-05
0.000176012 0.000105792
0.00017634 0.000130882
0.000176147 0.00015584
0.000175706 0.000180683
0.000175136 0.000205443
0.000174522 0.000230152
0.000173909 0.00025484
0.000173324 0.00027953
0.000172779 0.00030424
0.000172283 0.000328984
0.00017184 0.000353772
0.000171451 0.000378612
0.000171119 0.00040351
0.000170846 0.000428468
0.000170634 0.000453487
0.000170491 0.000478565
0.000170423 0.000503698
0.000170442 0.000528879
0.00017056 0.0005541
0.000170795 0.000579347
0.00017117 0.000604604
0.00017171 0.000629849
0.000172449 0.000655056
0.000173429 0.000680188
0.000174702 0.000705202
0.000176335 0.000730045
0.000178418 0.000754651
0.000181065 0.000778944
0.000184429 0.000802825
0.000188742 0.00082616
0.000194438 0.000848689
0.000202376 0.000869995
0.000213337 0.000890085
0.000227304 0.000909658
0.000243759 0.000929343
0.000263027 0.000949803
0.000281818 0.000970755
0.00019131 3.02529e-05
0.000195497 5.51469e-05
0.000198256 8.02276e-05
0.000199442 0.000105389
0.000199899 0.000130502
0.000199817 0.000155531
0.000199457 0.000180474
0.000198935 0.000205345
0.000198343 0.000230166
0.000197732 0.000254958
0.000197133 0.000279741
0.000196565 0.00030453
0.000196039 0.000329337
0.000195563 0.000354173
0.00019514 0.000379045
0.000194776 0.000403959
0.000194475 0.000428919
0.000194242 0.000453924
0.000194086 0.000478975
0.000194017 0.000504066
0.000194048 0.000529192
0.000194196 0.000554343
0.000194484 0.000579506
0.000194937 0.000604662
0.000195589 0.00062979
0.000196479 0.000654858
0.000197658 0.000679831
0.000199185 0.000704663
0.000201138 0.000729299
0.000203616 0.000753674
0.000206745 0.000777706
0.000210702 0.000801293
0.000215774 0.000824268
0.000222508 0.00084634
0.000231527 0.000867389
0.000243069 0.000887705
0.000256937 0.000907858
0.00027287 0.000928193
0.000291139 0.000949183
0.000309063 0.000970636
0.000215502 3.01896e-05
0.000219091 5.49538e-05
0.000221659 7.99069e-05
0.000222876 0.000104993
0.000223409 0.000130087
0.000223411 0.000155138
0.000223118 0.000180131
0.000222645 0.000205068
0.000222081 0.000229962
0.000221482 0.000254826
0.000220882 0.000279676
0.000220303 0.000304522
0.000219761 0.000329377
0.000219265 0.000354248
0.000218821 0.000379143
0.000218437 0.000404066
0.000218118 0.000429021
0.000217874 0.000454009
0.000217713 0.000479028
0.00021765 0.000504075
0.0002177 0.000529144
0.000217886 0.000554224
0.000218231 0.000579301
0.000218768 0.000604359
0.000219536 0.000629372
0.000220582 0.000654311
0.000221962 0.000679139
0.000223745 0.000703808
0.000226017 0.000728265
0.000228885 0.000752442
0.000232489 0.000776256
0.000237033 0.000799594
0.000242873 0.000822255
0.000250488 0.000844073
0.000260194 0.000865144
0.00027198 0.000885807
0.000285684 0.000906461
0.000301165 0.000927322
0.000318602 0.00094873
0.000335854 0.000970554
0.000239842 3.01391e-05
0.000242859 5.47929e-05
0.000245169 7.96211e-05
0.000246347 0.000104616
0.000246909 0.000129661
0.000246965 0.0001547
0.000246724 0.000179706
0.000246293 0.000204673
0.000245759 0.000229606
0.000245176 0.000254513
0.000244583 0.000279403
0.000244005 0.000304285
0.000243457 0.000329168
0.000242951 0.000354059
0.000242496 0.000378964
0.000242101 0.000403886
0.000241775 0.000428829
0.000241527 0.000453793
0.00024137 0.000478776
0.000241319 0.000503776
0.000241395 0.000528786
0.000241622 0.000553795
0.000242029 0.00057879
0.000242654 0.000603753
0.00024354 0.00062866
0.00024474 0.000653482
0.000246319 0.00067818
0.000248353 0.000702711
0.000250937 0.000727017
0.000254186 0.000751032
0.000258253 0.000774668
0.000263374 0.000797796
0.000269912 0.000820248
0.000278185 0.000842004
0.000288302 0.000863247
0.000300171 0.000884277
0.000313705 0.000905357
0.000328793 0.000926648
0.000345564 0.000948391
0.000362288 0.0009705
0.000264284 3.00967e-05
0.000266779 5.46531e-05
0.000268793 7.93648e-05
0.000269878 0.00010426
0.000270425 0.000129238
0.000270507 0.00015424
0.000270302 0.000179232
0.000269904 0.000204202
0.000269397 0.000229147
0.000268834 0.00025407
0.000268253 0.000278977
0.000267681 0.000303874
0.000267134 0.000328767
0.000266627 0.000353662
0.00026617 0.000378563
0.000265773 0.000403473
0.000265446 0.000428394
0.000265201 0.000453327
0.000265054 0.000478269
0.000265022 0.000503218
0.000265128 0.000528167
0.0002654 0.000553106
0.000265871 0.000578022
0.000266583 0.000602897
0.000267585 0.000627708
0.000268936 0.000652426
0.000270708 0.000677014
0.000272984 0.000701429
0.000275867 0.000725614
0.000279481 0.000749501
0.00028399 0.000773
0.000289651 0.000795977
0.000296764 0.000818341
0.000305498 0.000840164
0.000315855 0.000861646
0.000327742 0.000883023
0.000341117 0.000904469
0.00035587 0.000926118
0.000372116 0.000948133
0.000388426 0.000970462
0.000288803 3.00595e-05
0.000290827 5.4528e-05
0.000292529 7.9132e-05
0.00029348 0.000103926
0.000293976 0.000128826
0.000294058 0.000153774
0.000293871 0.000178732
0.000293497 0.000203682
0.000293014 0.000228616
0.00029247 0.000253535
0.000291905 0.000278439
0.000291343 0.000303332
0.000290804 0.000328218
0.000290302 0.000353101
0.000289849 0.000377985
0.000289456 0.000402871
0.000289134 0.000427761
0.000288899 0.000452656
0.000288766 0.000477552
0.000288757 0.000502447
0.000288896 0.000527334
0.000289214 0.000552204
0.000289749 0.000577045
0.000290546 0.000601838
0.000291659 0.000626563
0.000293154 0.00065119
0.000295107 0.000675687
0.00029761 0.000700008
0.000300774 0.000724099
0.00030473 0.000747892
0.000309651 0.000771295
0.000315783 0.000794196
0.000323339 0.000816572
0.000332389 0.000838541
0.000342886 0.000860286
0.000354772 0.000881977
0.000368008 0.000903744
0.000382484 0.000925691
0.000398321 0.000947932
0.000414306 0.000970437
0.000313381 3.00254e-05
0.000314981 5.44126e-05
0.000316369 7.89172e-05
0.000317161 0.000103612
0.000317576 0.000128428
0.000317634 0.00015331
0.000317449 0.000178218
0.00031709 0.000203132
0.000316625 0.000228039
0.0003161 0.000252935
0.000315551 0.000277819
0.000315004 0.000302692
0.000314477 0.000327557
0.000313985 0.000352415
0.00031354 0.000377269
0.000313156 0.000402121
0.000312845 0.000426971
0.000312623 0.00045182
0.000312508 0.000476665
0.000312523 0.000501502
0.000312696 0.000526327
0.00031306 0.000551129
0.000313656 0.000575897
0.000314533 0.000600616
0.00031575 0.000625263
0.000317377 0.000649814
0.000319497 0.000674235
0.000322209 0.000698484
0.000325629 0.000722508
0.000329895 0.00074624
0.000335182 0.000769593
0.000341701 0.000792487
0.000349589 0.00081495
0.000358853 0.000837108
0.000369444 0.000859112
0.000381322 0.000881089
0.000394441 0.000903139
0.000408697 0.000925341
0.000424224 0.000947772
0.000439959 0.00097042
0.000338007 2.99931e-05
0.000339222 5.43038e-05
0.000340303 7.87161e-05
0.000340918 0.000103315
0.000341232 0.000128044
0.000341246 0.000152853
0.000341048 0.000177701
0.000340694 0.000202566
0.000340243 0.000227433
0.000339735 0.000252292
0.000339204 0.000277143
0.000338673 0.000301982
0.000338161 0.000326812
0.000337682 0.000351633
0.000337251 0.000376447
0.000336879 0.000401255
0.000336582 0.000426057
0.000336376 0.000450853
0.000336281 0.000475641
0.000336321 0.000500418
0.000336527 0.000525179
0.000336935 0.000549914
0.000337587 0.000574614
0.000338537 0.000599264
0.000339848 0.000623844
0.000341593 0.000648329
0.000343862 0.00067269
0.000346758 0.000696886
0.000350403 0.000720867
0.000354939 0.000744571
0.000360535 0.00076792
0.000367358 0.000790865
0.000375488 0.000813462
0.000384904 0.000835828
0.000395567 0.00085808
0.000407438 0.000880317
0.000420465 0.000902622
0.000434555 0.000925045
0.000449854 0.00094764
0.000465405 0.000970408
0.000362672 2.99617e-05
0.000363537 5.41993e-05
0.000364321 7.85255e-05
0.00036475 0.000103033
0.000364946 0.000127675
0.0003649 0.000152406
0.000364677 0.000177188
0.00036432 0.000201995
0.000363878 0.00022681
0.000363385 0.000251623
0.000362872 0.000276428
0.000362359 0.000301223
0.000361864 0.000326007
0.000361403 0.000350781
0.000360987 0.000375545
0.000360631 0.0004003
0.00036035 0.000425047
0.000360161 0.000449785
0.000360086 0.000474512
0.000360152 0.000499225
0.000360389 0.000523921
0.000360835 0.00054859
0.000361537 0.000573224
0.000362551 0.00059781
0.000363943 0.00062233
0.00036579 0.000646761
0.000368186 0.000671076
0.000371238 0.000695236
0.000375073 0.000719198
0.000379832 0.000742904
0.000385673 0.000766288
0.000392726 0.000789328
0.000401032 0.000812086
0.000410564 0.000834661
0.000421285 0.00085715
0.000433153 0.000879631
0.000446115 0.000902164
0.00046009 0.000924785
0.000475235 0.000947525
0.000490661 0.0009704
0.00038737 2.99311e-05
0.000387913 5.4098e-05
0.000388412 7.83434e-05
0.000388652 0.000102764
0.00038872 0.000127321
0.000388602 0.000151974
0.000388343 0.000176684
0.000387976 0.000201427
0.000387538 0.000226183
0.000387059 0.00025094
0.000386564 0.000275691
0.00038607 0.000300432
0.000385595 0.000325161
0.000385153 0.000349879
0.000384755 0.000374585
0.000384416 0.000399281
0.000384152 0.000423965
0.000383982 0.000448639
0.000383927 0.000473301
0.000384015 0.000497948
0.00038428 0.000522576
0.00038476 0.00054718
0.000385504 0.000571751
0.000386571 0.000596277
0.000388028 0.000620743
0.000389958 0.00064513
0.000392456 0.000669411
0.000395634 0.000693553
0.000399619 0.000717515
0.000404551 0.000741249
0.000410574 0.000764701
0.000417792 0.000787863
0.000426227 0.000810794
0.00043585 0.000833576
0.000446619 0.00085629
0.000458491 0.000878999
0.000471416 0.000901744
0.00048532 0.000924545
0.000500378 0.000947417
0.000515733 0.000970392
0.000412098 2.99008e-05
0.000412343 5.39992e-05
0.000412566 7.81685e-05
0.000412618 0.000102507
0.000412551 0.000126982
0.000412352 0.000151556
0.00041205 0.000176194
0.000411667 0.000200868
0.000411231 0.000225559
0.000410764 0.000250253
0.000410287 0.000274943
0.000409814 0.000299623
0.000409361 0.00032429
0.000408938 0.000348944
0.00040856 0.000373586
0.00040824 0.000398215
0.000407994 0.000422832
0.000407842 0.000447437
0.000407805 0.000472029
0.000407914 0.000496607
0.0004082 0.000521167
0.000408708 0.000545705
0.000409485 0.000570214
0.000410591 0.000594684
0.000412098 0.000619102
0.000414089 0.000643451
0.000416663 0.000667709
0.000419934 0.000691846
0.000424028 0.000715827
0.000429082 0.00073961
0.000435229 0.000763154
0.000442561 0.000786453
0.00045109 0.000809558
0.00046078 0.000832543
0.000471589 0.000855473
0.000483472 0.000878397
0.000496385 0.000901342
0.000510263 0.000924313
0.000525295 0.000947311
0.000540628 0.000970383
0.00043685 2.9871e-05
0.000436816 5.39028e-05
0.000436777 7.80004e-05
0.000436641 0.000102262
0.000436437 0.000126659
0.000436151 0.000151156
0.0004358 0.00017572
0.000435397 0.000200323
0.000434961 0.000224946
0.000434506 0.000249573
0.000434047 0.000274195
0.000433596 0.000298808
0.000433165 0.000323407
0.000432766 0.000347991
0.000432409 0.000372562
0.000432108 0.000397119
0.00043188 0.000421662
0.000431744 0.000446194
0.000431724 0.000470713
0.000431848 0.000495218
0.000432152 0.000519709
0.000432679 0.00054418
0.000433478 0.000568628
0.00043461 0.000593044
0.000436149 0.000617418
0.00043818 0.000641736
0.000440801 0.000665978
0.000444129 0.000690121
0.00044829 0.000714135
0.000453419 0.000737984
0.000459641 0.000761633
0.000467045 0.000785075
0.000475634 0.000808355
0.00048537 0.000831538
0.000496211 0.000854678
0.000508113 0.000877807
0.000521036 0.000900943
0.000534928 0.000924077
0.000549989 0.000947199
0.000565349 0.000970372
0.000461625 2.98417e-05
0.000461328 5.38092e-05
0.000461034 7.78395e-05
0.000460714 0.00010203
0.000460372 0.000126353
0.000459998 0.000150776
0.000459595 0.000175267
0.00045917 0.000199799
0.000458732 0.00022435
0.000458289 0.000248906
0.000457849 0.000273457
0.000457422 0.000297997
0.000457016 0.000322522
0.000456639 0.000347032
0.000456304 0.000371526
0.000456023 0.000396006
0.000455813 0.000420472
0.000455692 0.000444925
0.000455685 0.000469367
0.000455822 0.000493797
0.000456137 0.000518215
0.000456674 0.000542619
0.000457483 0.000567005
0.000458628 0.000591368
0.00046018 0.0006157
0.000462226 0.00063999
0.000464867 0.000664223
0.000468217 0.000688379
0.000472404 0.000712434
0.00047756 0.000736358
0.000483815 0.00076012
0.000491255 0.000783709
0.000499876 0.000807164
0.000509639 0.000830541
0.000520503 0.000853884
0.000532428 0.000877214
0.000545383 0.000900535
0.000559323 0.000923832
0.000574464 0.000947079
0.000589894 0.000970358
0.000486419 2.98132e-05
0.000485871 5.37187e-05
0.00048533 7.76866e-05
0.00048483 0.000101811
0.000484353 0.000126066
0.000483889 0.000150419
0.000483435 0.00017484
0.000482988 0.0001993
0.000482548 0.000223779
0.000482117 0.000248261
0.000481699 0.000272737
0.000481296 0.0002972
0.000480916 0.000321647
0.000480565 0.000346077
0.000480252 0.00037049
0.000479991 0.000394888
0.000479797 0.000419271
0.00047969 0.000443643
0.000479693 0.000468004
0.000479837 0.000492355
0.000480156 0.000516698
0.000480694 0.000541032
0.000481503 0.000565355
0.000482645 0.000589664
0.000484191 0.000613954
0.000486229 0.000638218
0.000488859 0.000662444
0.000492197 0.000686616
0.000496369 0.000710716
0.000501511 0.000734719
0.000507761 0.000758594
0.000515202 0.000782331
0.000523826 0.000805961
0.000533597 0.000829531
0.000544475 0.000853072
0.000556427 0.0008766
0.00056943 0.000900108
0.000583448 0.00092357
0.000598716 0.000946948
0.00061426 0.00097034
0.00051123 2.97856e-05
0.000510438 5.36325e-05
0.000509657 7.7543e-05
0.000508982 0.000101608
0.000508372 0.0001258
0.000507822 0.000150089
0.000507317 0.000174441
0.00050685 0.000198831
0.000506411 0.000223237
0.000505995 0.000247644
0.0005056 0.000272043
0.000505224 0.000296425
0.000504871 0.00032079
0.000504546 0.000345136
0.000504256 0.000369464
0.000504015 0.000393775
0.000503837 0.000418072
0.000503741 0.000442358
0.000503751 0.000466634
0.000503896 0.000490903
0.000504213 0.000515167
0.000504744 0.000539427
0.00050554 0.000563684
0.000506663 0.000587937
0.000508185 0.000612184
0.000510192 0.00063642
0.000512783 0.000660638
0.000516074 0.000684827
0.000520193 0.000708971
0.00052528 0.000733051
0.000531485 0.000757037
0.000538892 0.00078092
0.000547492 0.000804724
0.000557249 0.000828483
0.00056813 0.000852223
0.000580109 0.00087595
0.000593174 0.000899648
0.000607298 0.000923281
0.000622738 0.000946799
0.000638437 0.000970317
0.000536055 2.97595e-05
0.000535025 5.35517e-05
0.000534008 7.74107e-05
0.000533162 0.000101423
0.000532424 0.00012556
0.000531792 0.000149789
0.000531242 0.000174078
0.000530758 0.000198399
0.000530324 0.000222733
0.000529926 0.000247064
0.000529556 0.000271382
0.000529209 0.000295682
0.000528885 0.000319961
0.000528587 0.00034422
0.000528322 0.000368458
0.0005281 0.000392679
0.000527936 0.000416885
0.000527849 0.00044108
0.000527862 0.000465266
0.000528005 0.000489448
0.000528312 0.000513629
0.000528827 0.000537812
0.000529598 0.000561999
0.000530688 0.000586193
0.000532167 0.000610392
0.000534119 0.000634597
0.000536644 0.000658803
0.000539856 0.000683004
0.000543886 0.000707188
0.000548877 0.000731339
0.000554998 0.000755429
0.000562333 0.000779453
0.000570877 0.000803427
0.000580597 0.000827375
0.000591466 0.000851315
0.000603468 0.000875245
0.000616604 0.000899141
0.000630859 0.000922956
0.000646513 0.000946628
0.000662412 0.000970288
0.00056089 2.97352e-05
0.000559623 5.34778e-05
0.000558373 7.72922e-05
0.000557362 0.00010126
0.000556501 0.000125349
0.000555794 0.000149525
0.000555206 0.000173754
0.000554712 0.00019801
0.000554287 0.000222272
0.000553911 0.000246526
0.00055357 0.000270763
0.000553255 0.000294978
0.000552962 0.000319169
0.000552693 0.000343336
0.000552452 0.000367482
0.000552249 0.000391608
0.000552099 0.000415719
0.000552019 0.000439819
0.000552032 0.000463911
0.000552167 0.000488002
0.000552458 0.000512094
0.000552947 0.000536194
0.000553683 0.000560306
0.000554725 0.000584433
0.000556143 0.00060858
0.00055802 0.000632747
0.000560453 0.000656934
0.000563555 0.00068114
0.000567459 0.000705356
0.000572315 0.000729568
0.000578309 0.000753754
0.000585533 0.000777911
0.000593984 0.000802049
0.00060364 0.000826184
0.000614477 0.000850325
0.000626492 0.000874465
0.000639703 0.00089857
0.000654108 0.000922583
0.000670021 0.000946429
0.000686163 0.000970252
0.000585734 2.97134e-05
0.000584225 5.34129e-05
0.000582743 7.71908e-05
0.000581572 0.000101123
0.000580598 0.000125172
0.000579825 0.000149302
0.000579208 0.000173478
0.000578712 0.000197671
0.000578303 0.000221862
0.000577954 0.000246039
0.000577646 0.000270194
0.000577366 0.000294322
0.000577106 0.000318422
0.000576867 0.000342496
0.000576651 0.000366545
0.000576468 0.000390573
0.00057633 0.000414585
0.000576256 0.000438585
0.000576266 0.000462579
0.000576388 0.000486572
0.000576657 0.000510571
0.000577112 0.000534581
0.000577801 0.00055861
0.000578782 0.000582665
0.000580123 0.000606749
0.000581904 0.00063087
0.00058422 0.00065503
0.000587184 0.00067923
0.000590929 0.000703466
0.000595611 0.000727729
0.000601431 0.000751998
0.0006085 0.000776273
0.00061682 0.000800566
0.000626374 0.000824884
0.000637152 0.00084923
0.000649163 0.000873588
0.000662446 0.000897917
0.000677017 0.000922148
0.000693231 0.000946194
0.000709665 0.000970209
0.00061058 2.96948e-05
0.000608822 5.33592e-05
0.000607108 7.71104e-05
0.000605783 0.000101018
0.000604706 0.000125037
0.00060388 0.000149129
0.000603244 0.000173255
0.000602757 0.000197389
0.000602372 0.000221512
0.000602057 0.000245612
0.000601787 0.000269684
0.000601545 0.000293723
0.000601321 0.000317731
0.000601113 0.000341708
0.000600924 0.000365658
0.00060076 0.000389585
0.000600634 0.000413494
0.000600563 0.00043739
0.000600568 0.00046128
0.000600674 0.00048517
0.000600915 0.000509068
0.000601329 0.000532982
0.000601962 0.000556921
0.000602869 0.000580892
0.000604118 0.000604906
0.000605784 0.000628969
0.000607962 0.000653088
0.00061076 0.000677269
0.000614314 0.000701512
0.000618782 0.000725811
0.000624382 0.00075015
0.000631249 0.000774529
0.000639389 0.00079896
0.000648798 0.000823452
0.000659479 0.000848002
0.000671458 0.000872587
0.0006848 0.000897157
0.000699545 0.000921633
0.000716104 0.000945913
0.000732883 0.000970158
0.000635424 2.96803e-05
0.000633405 5.33197e-05
0.000631455 7.70559e-05
0.000629985 0.00010095
0.000628818 0.000124951
0.000627954 0.000149012
0.000627315 0.000173094
0.000626847 0.000197172
0.000626497 0.000221228
0.000626223 0.000245253
0.000625995 0.000269241
0.000625795 0.000293192
0.000625609 0.000317105
0.000625435 0.000340984
0.000625272 0.000364833
0.000625129 0.000388655
0.000625015 0.000412458
0.000624946 0.000436245
0.000624943 0.000460026
0.000625031 0.000483808
0.000625239 0.000507598
0.000625605 0.000531408
0.000626174 0.000555247
0.000626998 0.000579126
0.00062814 0.000603056
0.000629675 0.000627048
0.000631693 0.000651113
0.000634302 0.00067526
0.000637634 0.000699492
0.000641852 0.000723809
0.000647182 0.000748201
0.000653795 0.000772667
0.000661705 0.000797221
0.000670916 0.000821873
0.000681449 0.000846619
0.000693352 0.000871434
0.000706724 0.000896263
0.00072164 0.000921014
0.000738586 0.00094557
0.000755765 0.000970094
0.000660261 2.9671e-05
0.000657959 5.3298e-05
0.000655771 7.70332e-05
0.000654167 0.000100929
0.000652927 0.000124922
0.000652044 0.00014896
0.000651419 0.000173004
0.000650985 0.000197029
0.000650678 0.00022102
0.000650452 0.000244969
0.000650273 0.000268875
0.000650118 0.000292736
0.000649973 0.000316555
0.000649834 0.000340335
0.0006497 0.00036408
0.000649577 0.000387796
0.000649476 0.000411489
0.00064941 0.000435166
0.000649398 0.000458833
0.000649464 0.000482501
0.000649637 0.000506178
0.000649951 0.000529875
0.000650448 0.000553604
0.000651179 0.000577379
0.000652203 0.000601212
0.000653593 0.000625119
0.000655434 0.000649112
0.000657831 0.000673205
0.000660914 0.000697408
0.000664845 0.000721723
0.000669856 0.000746148
0.00067616 0.000770681
0.000683783 0.000795341
0.000692738 0.000820137
0.000703059 0.00084507
0.000714823 0.000870114
0.000728173 0.000895212
0.000743234 0.000920267
0.000760603 0.000945144
0.000778243 0.000970003
0.00068508 2.96683e-05
0.00068247 5.32984e-05
0.00068004 7.70493e-05
0.000678318 0.000100962
0.000677027 0.000124958
0.000676148 0.000148982
0.000675555 0.000172992
0.00067517 0.000196967
0.000674918 0.000220895
0.000674748 0.00024477
0.000674622 0.000268593
0.000674516 0.000292365
0.000674415 0.00031609
0.000674312 0.000339771
0.000674208 0.000363413
0.000674107 0.000387022
0.000674019 0.000410604
0.000673956 0.000434167
0.000673936 0.000457719
0.00067398 0.000481268
0.000674115 0.000504825
0.000674375 0.000528403
0.000674796 0.000552013
0.000675428 0.000575672
0.000676325 0.000599394
0.000677557 0.000623198
0.000679205 0.0006471
0.00068137 0.000671119
0.000684179 0.000695268
0.000687792 0.000719558
0.000692436 0.000743993
0.00069837 0.000768572
0.000705646 0.000793317
0.000714278 0.000818241
0.000724314 0.000843347
0.00073586 0.000868615
0.000749109 0.00089399
0.000764255 0.000919378
0.000782058 0.000944617
0.00080022 0.000969871
0.000709871 2.96738e-05
0.000706917 5.33265e-05
0.000704245 7.71131e-05
0.000702427 0.000101059
0.000701113 0.00012507
0.000700265 0.000149086
0.000699726 0.000173066
0.000699405 0.000196993
0.000699219 0.000220858
0.000699112 0.000244661
0.000699044 0.000268403
0.00069899 0.000292087
0.000698934 0.000315719
0.00069887 0.000339302
0.000698797 0.000362843
0.00069872 0.000386346
0.000698645 0.000409819
0.000698586 0.000433269
0.000698559 0.000456703
0.000698582 0.000480132
0.00069868 0.000503566
0.000698884 0.000527018
0.000699228 0.000550501
0.000699756 0.000574032
0.000700521 0.00059763
0.000701586 0.000621313
0.00070303 0.000645103
0.000704947 0.000669023
0.00070746 0.000693092
0.000710725 0.000717329
0.00071496 0.000741745
0.000720458 0.000766344
0.000727321 0.000791151
0.000735559 0.000816183
0.000745228 0.000841448
0.000756458 0.000866934
0.0007695 0.000892591
0.000784629 0.000918333
0.000802835 0.000943974
0.000821556 0.000969696
0.000734617 2.96899e-05
0.000731276 5.3389e-05
0.000728369 7.72344e-05
0.000726486 0.000101231
0.000725185 0.000125266
0.000724397 0.000149278
0.000723935 0.000173231
0.000723693 0.00019711
0.000723583 0.000220915
0.000723546 0.000244646
0.000723539 0.000268308
0.000723539 0.000291907
0.00072353 0.000315449
0.000723506 0.000338939
0.000723465 0.000362381
0.000723412 0.000385783
0.000723354 0.000409151
0.0007233 0.000432491
0.000723267 0.000455811
0.000723271 0.000479121
0.000723335 0.000502432
0.000723485 0.000525755
0.000723753 0.000549106
0.000724178 0.000572501
0.000724809 0.00059596
0.000725704 0.000619505
0.000726934 0.000643162
0.000728592 0.000666955
0.000730791 0.000690914
0.000733682 0.000715063
0.00073747 0.000739425
0.000742466 0.000764014
0.000748845 0.000788854
0.00075661 0.00081397
0.000765822 0.000839377
0.000776628 0.000865071
0.00078933 0.000891014
0.000804292 0.000917132
0.000822786 0.000943217
0.000842059 0.000969513
0.000759297 2.97194e-05
0.000755516 5.34945e-05
0.000752394 7.74248e-05
0.000750491 0.000101488
0.000749245 0.000125554
0.00074855 0.000149563
0.000748186 0.000173487
0.000748039 0.000197318
0.000748014 0.000221061
0.00074805 0.000244721
0.000748107 0.000268307
0.000748162 0.000291825
0.0007482 0.000315282
0.000748215 0.000338685
0.000748207 0.000362038
0.000748179 0.000385346
0.000748138 0.000408617
0.000748093 0.000431856
0.000748057 0.000455071
0.000748046 0.000478269
0.000748079 0.00050146
0.000748179 0.000524658
0.000748376 0.000547875
0.000748703 0.00057113
0.000749203 0.000594441
0.000749928 0.000617834
0.000750945 0.000641335
0.000752336 0.000664974
0.000754208 0.000688787
0.000756705 0.000712809
0.000760015 0.000737073
0.00076445 0.00076161
0.000770264 0.000786445
0.000777472 0.000811617
0.000786129 0.000837146
0.00079639 0.000863038
0.000808602 0.000889265
0.000823195 0.000915778
0.00084181 0.000942358
0.000861522 0.000969273
0.000783873 2.97673e-05
0.000779603 5.36545e-05
0.000776307 7.76961e-05
0.000774444 0.000101837
0.000773301 0.000125935
0.000772733 0.000149938
0.000772489 0.000173828
0.000772449 0.000197607
0.000772514 0.000221286
0.000772625 0.000244876
0.000772746 0.000268388
0.000772854 0.000291832
0.000772937 0.000315213
0.00077299 0.000338539
0.000773014 0.000361815
0.00077301 0.000385046
0.000772987 0.000408235
0.000772953 0.000431389
0.000772918 0.000454513
0.000772897 0.000477613
0.000772905 0.000500699
0.000772964 0.000523781
0.000773098 0.000546872
0.000773335 0.000569988
0.000773714 0.000593149
0.000774279 0.000616379
0.000775088 0.000639707
0.000776214 0.000663166
0.000777756 0.000686797
0.000779843 0.000710645
0.000782654 0.000734758
0.000786475 0.000759185
0.000791638 0.000783967
0.000798195 0.000809156
0.000806194 0.00083478
0.000815784 0.000860853
0.000827335 0.000887363
0.000841345 0.000914287
0.000859734 0.00094139
0.000879784 0.000969003
0.000808285 2.98384e-05
0.000803504 5.38821e-05
0.000800108 7.80581e-05
0.000798357 0.00010228
0.000797371 0.000126403
0.000796961 0.00015039
0.000796856 0.000174235
0.00079693 0.000197954
0.000797087 0.000221565
0.000797272 0.000245085
0.000797451 0.000268529
0.000797607 0.000291907
0.00079773 0.000315226
0.000797818 0.000338492
0.000797869 0.000361711
0.00079789 0.000384885
0.000797885 0.000408018
0.000797863 0.000431112
0.000797833 0.000454171
0.000797807 0.0004772
0.0007978 0.000500205
0.000797827 0.000523193
0.000797909 0.000546175
0.000798072 0.000569166
0.000798344 0.000592183
0.000798765 0.00061525
0.000799381 0.000638395
0.000800258 0.000661654
0.000801477 0.000685071
0.000803154 0.000708697
0.000805454 0.000732593
0.000808622 0.000756836
0.000813045 0.000781495
0.000818848 0.000806639
0.000826069 0.000832317
0.000834862 0.000858552
0.000845592 0.000885334
0.000858744 0.000912662
0.000876727 0.000940287
0.000896473 0.000968629
0.000832458 2.99384e-05
0.0008272 5.4187e-05
0.000823807 7.8515e-05
0.000822253 0.000102811
0.000821478 0.000126941
0.000821256 0.000150889
0.000821304 0.00017467
0.000821494 0.000198314
0.000821737 0.000221851
0.000821986 0.000245303
0.000822215 0.000268686
0.00082241 0.000292011
0.000822564 0.000315288
0.000822678 0.00033852
0.000822752 0.000361711
0.000822793 0.000384862
0.000822804 0.000407974
0.000822795 0.000431047
0.000822774 0.000454081
0.00082275 0.000477077
0.000822735 0.000500038
0.000822743 0.000522969
0.00082279 0.000545875
0.000822895 0.00056877
0.000823083 0.000591666
0.000823383 0.000614585
0.000823834 0.000637554
0.000824486 0.000660606
0.000825407 0.000683786
0.000826694 0.00070715
0.000828486 0.000730769
0.000830988 0.000754735
0.000834593 0.000779164
0.000839522 0.00080417
0.00084584 0.000829838
0.000853683 0.000856178
0.000863415 0.000883216
0.000875542 0.000910957
0.000892321 0.000939105
0.00091184 0.000968194
0.000856308 3.00714e-05
0.000850692 5.45736e-05
0.000847437 7.90551e-05
0.000846172 0.0001034
0.000845662 0.000127498
0.000845653 0.000151367
0.000845855 0.00017505
0.000846149 0.000198602
0.000846463 0.000222059
0.000846761 0.000245446
0.000847023 0.000268782
0.000847241 0.000292079
0.000847414 0.000315343
0.000847542 0.000338579
0.00084763 0.000361785
0.000847684 0.000384961
0.000847709 0.000408103
0.000847712 0.000431209
0.000847701 0.000454273
0.000847685 0.000477294
0.000847672 0.000500269
0.000847674 0.000523197
0.000847702 0.000546083
0.000847771 0.000568931
0.000847899 0.000591752
0.000848109 0.000614563
0.000848429 0.000637384
0.000848897 0.000660247
0.000849562 0.000683193
0.000850499 0.000706277
0.000851819 0.000729573
0.000853683 0.000753177
0.000856428 0.000777229
0.000860346 0.000801943
0.00086561 0.000827472
0.000872386 0.000853856
0.000880935 0.000881027
0.000891729 0.000909015
0.000907854 0.000937721
0.000925499 0.000967736
0.000879748 3.02464e-05
0.000874004 5.50473e-05
0.000871056 7.96636e-05
0.000870174 0.000103995
0.000869983 0.00012799
0.000870195 0.000151709
0.00087053 0.000175258
0.000870902 0.000198699
0.000871259 0.000222073
0.000871578 0.000245408
0.000871849 0.000268723
0.00087207 0.000292027
0.000872242 0.000315325
0.00087237 0.000338615
0.000872459 0.000361896
0.000872517 0.000385159
0.000872549 0.000408398
0.000872562 0.000431605
0.000872563 0.000454772
0.000872558 0.000477891
0.000872555 0.000500955
0.000872561 0.000523959
0.000872586 0.000546901
0.00087264 0.000569779
0.000872736 0.0005926
0.00087289 0.000615372
0.000873119 0.000638111
0.000873449 0.000660842
0.000873914 0.000683599
0.000874563 0.000706429
0.000875477 0.000729402
0.000876776 0.000752612
0.000878706 0.000776202
0.000881543 0.000800399
0.000885542 0.000825496
0.000891022 0.000851721
0.000898334 0.000879121
0.000907648 0.000907484
0.000921057 0.000936428
0.000939094 0.000966758
0.000902692 3.04204e-05
0.000897202 5.55857e-05
0.000894769 8.02383e-05
0.000894377 0.000104416
0.000894541 0.00012814
0.000894918 0.000151634
0.000895335 0.000175012
0.000895738 0.000198337
0.000896096 0.000221648
0.0008964 0.000244973
0.000896649 0.000268323
0.000896844 0.000291704
0.000896994 0.000315112
0.000897104 0.00033854
0.000897181 0.000361978
0.000897233 0.000385415
0.000897265 0.000408839
0.000897283 0.000432237
0.000897293 0.000455597
0.0008973 0.000478909
0.000897309 0.000502162
0.000897328 0.000525346
0.000897361 0.000548453
0.000897416 0.000571476
0.000897501 0.000594413
0.000897627 0.000617266
0.000897803 0.000640044
0.000898042 0.000662763
0.000898362 0.000685447
0.000898794 0.000708134
0.000899385 0.000730879
0.000900219 0.000753758
0.000901485 0.000776881
0.000903387 0.000800414
0.000906109 0.000824648
0.000909982 0.000849997
0.000915519 0.00087686
0.000923565 0.000905491
0.000937388 0.000935617
0.00095 0.000967548
0.000925111 3.06592e-05
0.00092035 5.60893e-05
0.000918782 8.06465e-05
0.000918991 0.000104318
0.000919382 0.000127666
0.000919832 0.000150884
0.000920248 0.00017408
0.000920613 0.000197314
0.000920916 0.00022062
0.00092116 0.000244012
0.000921349 0.00026749
0.000921492 0.000291046
0.000921598 0.000314664
0.000921675 0.000338327
0.000921729 0.000362017
0.000921766 0.000385718
0.000921791 0.000409415
0.000921808 0.000433092
0.000921822 0.000456738
0.000921836 0.000480338
0.000921856 0.00050388
0.000921885 0.000527352
0.000921927 0.00055074
0.000921987 0.000574033
0.000922072 0.000597223
0.000922184 0.000620306
0.000922329 0.000643288
0.000922505 0.000666179
0.000922717 0.000688995
0.000922982 0.000711759
0.000923328 0.000734505
0.000923825 0.000757274
0.000924612 0.000780142
0.000925837 0.000803235
0.000927619 0.00082671
0.000930088 0.000850947
0.00093368 0.000876524
0.000938598 0.000903977
0.000946995 0.000933716
0.000964542 0.000968562
0.000947098 3.04829e-05
0.000943928 5.59106e-05
0.000943633 7.92968e-05
0.000944018 0.000102241
0.00094445 0.000125195
0.00094483 0.000148225
0.00094514 0.000171401
0.000945388 0.000194753
0.000945581 0.000218284
0.000945726 0.000241977
0.000945833 0.000265805
0.00094591 0.000289736
0.000945966 0.000313743
0.000946004 0.0003378
0.000946031 0.000361887
0.000946049 0.000385987
0.000946061 0.000410086
0.000946071 0.000434171
0.000946079 0.000458231
0.00094609 0.000482254
0.000946106 0.000506231
0.000946131 0.000530149
0.000946167 0.000553994
0.000946219 0.000577747
0.000946291 0.000601392
0.000946383 0.000624918
0.000946492 0.000648324
0.000946615 0.000671608
0.000946749 0.000694771
0.000946905 0.00071781
0.000947106 0.000740727
0.000947397 0.000763534
0.000947863 0.000786285
0.000948608 0.000809085
0.000949731 0.000832083
0.000951331 0.00085541
0.000953519 0.000879613
0.000957313 0.000905574
0.000966356 0.000933097
0.000969748 0.000961825
0.000969415 3.05592e-05
0.000969483 5.28148e-05
0.000969275 7.47357e-05
0.000969472 9.70513e-05
0.000969616 0.000119858
0.000969763 0.000143127
0.000969872 0.000166776
0.000969957 0.000190721
0.000970022 0.000214885
0.000970068 0.000239201
0.0009701 0.000263617
0.000970121 0.000288097
0.000970135 0.000312616
0.000970145 0.000337158
0.00097015 0.00036171
0.000970153 0.000386262
0.000970155 0.000410804
0.000970155 0.000435331
0.000970155 0.000459835
0.000970155 0.000484311
0.000970159 0.000508755
0.000970166 0.000533162
0.000970179 0.000557525
0.0009702 0.00058183
0.000970232 0.00060606
0.000970275 0.000630194
0.000970329 0.00065421
0.000970394 0.000678085
0.00097047 0.000701792
0.000970559 0.000725312
0.000970666 0.000748626
0.00097081 0.000771718
0.000971019 0.000794595
0.000971338 0.000817301
0.000971804 0.000839923
0.00097236 0.0008626
0.000972965 0.000885385
0.000973206 0.000908941
0.00097415 0.000936888
0.000984218 0.00097053
