0.0833333
0.0833333
0.0833632
0.0834714
0.0838528
0.0841679
0.0843511
0.0853485
0.0897148
0.103249
0.125546
0.145488
0.1595
0.171622
0.182001
0.190908
0.198802
0.206154
0.213347
0.221033
0.229649
0.238973
0.248671
0.258682
0.268907
0.279092
0.288848
0.297901
0.306153
0.313728
0.320928
0.328117
0.335597
0.343511
0.351827
0.360415
0.369123
0.377832
0.386439
0.394915
0.403211
0.411344
0.419323
0.4272
0.435006
0.442772
0.450513
0.458226
0.465914
0.473581
0.481233
0.488899
0.496579
0.504287
0.512027
0.519781
0.527537
0.535271
0.542947
0.550554
0.55806
0.565467
0.572776
0.580006
0.587184
0.594341
0.601506
0.608705
0.615956
0.623254
0.630596
0.637951
0.645294
0.652602
0.659839
0.667002
0.674077
0.681069
0.687996
0.694871
0.701717
0.708557
0.715401
0.722266
0.72915
0.73605
0.742958
0.749855
0.756729
0.763564
0.770349
0.777079
0.783752
0.790371
0.796944
0.803476
0.809976
0.816449
0.822899
0.829326
0.835727
0.842098
0.848433
0.854725
0.860967
0.867151
0.87327
0.87932
0.885291
0.891178
0.896973
0.902666
0.908248
0.913708
0.919037
0.924224
0.929259
0.934133
0.93884
0.943372
0.947724
0.951893
0.955874
0.959665
0.963265
0.966671
0.969884
0.972902
0.975727
0.978359
0.980803
0.98306
0.985135
0.987034
0.988764
0.990331
0.991743
0.99301
0.994139
0.995139
0.99602
0.996791
0.997461
0.998038
0.998533
0.998953
0.999306
0.9996
0.999844
1.00004
1.0002
1.00033
1.00044
1.00052
1.00058
1.00062
1.00066
1.00068
1.00069
1.0007
1.0007
1.00069
1.00067
1.00065
1.00062
1.00057
1.00051
1.00044
1.00034
1.00022
1.00007
0.999879
0.999651
0.999376
0.999046
0.998654
0.998193
0.997653
0.997027
0.996306
0.995482
0.994545
0.993486
0.992297
0.990969
0.989494
0.987863
0.98607
0.984107
0.98197
0.979654
0.977154
0.974469
0.971597
0.968536
0.965285
0.961845
0.958216
0.9544
0.950399
0.946215
0.941853
0.937317
0.932615
0.927754
0.922742
0.917589
0.912305
0.906898
0.901378
0.895752
0.890027
0.884212
0.878312
0.872336
0.866291
0.860187
0.854033
0.847841
0.841619
0.835376
0.829117
0.822844
0.816555
0.810244
0.803905
0.797526
0.791099
0.784618
0.778079
0.771487
0.764848
0.758177
0.751491
0.744809
0.738146
0.731515
0.724919
0.718355
0.711813
0.705274
0.698723
0.69214
0.68551
0.678831
0.672099
0.665327
0.658537
0.651745
0.644981
0.638267
0.631613
0.62504
0.618536
0.61211
0.605756
0.599475
0.593278
0.587181
0.581215
0.575423
0.56986
0.564582
0.559649
0.5551
0.550973
0.547294
0.544091
0.541401
0.539251
0.537654
0.536586
0.536001
0.535841
0.536056
0.536599
0.537391
0.538319
0.539244
0.540071
0.540767
0.541351
0.54186
0.542308
0.542677
0.542951
0.543152
0.54332
0.543495
0.54369
0.54388
0.544042
0.544174
0.544294
0.544409
0.544514
0.544595
0.544652
0.544711
0.544807
0.544947
0.545126
0.545335
0.545566
0.545828
0.546065
0.54614
0.545919
0.545309
0.544025
0.541832
0.538653
0.53425
0.52795
0.519833
0.511071
0.500355
0.489526
0.479357
0.470883
0.463193
0.457264
0.45374
0.451397
0.45031
0.45027
0.450701
0.451371
0.452051
0.452683
0.453223
0.453607
0.453887
0.45412
0.454351
0.454588
0.454809
0.455039
0.455256
0.455407
0.455413
0.455254
0.454977
0.454658
0.454375
0.454194
0.454129
0.454076
0.45376
0.452713
0.450324
0.445906
0.438775
0.428301
0.41398
0.395858
0.374197
0.349958
0.325023
0.301933
0.282906
0.269107
0.260263
0.255265
0.252773
0.251691
0.2513
0.251163
0.250979
0.250442
0.249179
0.246837
0.243194
0.2382
0.232098
0.225467
0.218741
0.212087
0.206193
0.201043
0.19552
0.189491
0.18263
0.172224
0.158998
0.147583
0.135742
0.120093
0.104274
0.0937158
0.0888313
0.0876693
0.0870789
0.0851294
0.0839418
0.0836491
0.0842899
0.0842899
0.0833333
0.0833333
