1.372
1.18929
1.09779
1.03069
0.98524
0.957031
0.937429
0.930061
0.939802
0.985595
1.06523
1.13482
1.18119
1.22099
1.25474
1.28242
1.30487
1.32405
1.34176
1.36017
1.38071
1.40267
1.4251
1.44786
1.47063
1.49289
1.51376
1.53281
1.5499
1.56535
1.57976
1.59384
1.60819
1.62309
1.63851
1.65418
1.66988
1.6854
1.7006
1.71545
1.7299
1.74396
1.75767
1.77105
1.78414
1.79696
1.8095
1.82178
1.8338
1.84563
1.85732
1.86894
1.88055
1.89217
1.90381
1.91542
1.92696
1.93837
1.94958
1.96056
1.97125
1.98168
1.99185
2.0018
2.0116
2.0213
2.03096
2.04062
2.05031
2.06003
2.06975
2.07945
2.08906
2.09856
2.1079
2.11706
2.12603
2.13483
2.14349
2.15202
2.16047
2.16887
2.17723
2.18557
2.19389
2.2022
2.21047
2.21868
2.22682
2.23488
2.24283
2.25069
2.25843
2.26608
2.27364
2.28112
2.28853
2.29588
2.30316
2.31039
2.31755
2.32466
2.33169
2.33866
2.34554
2.35236
2.35908
2.36573
2.37228
2.37873
2.38508
2.39131
2.39742
2.4034
2.40923
2.41491
2.42042
2.42576
2.43092
2.43589
2.44066
2.44525
2.44963
2.45382
2.45781
2.46159
2.46516
2.46853
2.4717
2.47466
2.47742
2.47998
2.48234
2.48451
2.48649
2.4883
2.48994
2.49142
2.49274
2.49392
2.49497
2.49589
2.49669
2.49739
2.49799
2.49851
2.49894
2.49931
2.49961
2.49987
2.50007
2.50024
2.50037
2.50047
2.50055
2.50061
2.50065
2.50068
2.5007
2.50071
2.50071
2.5007
2.50068
2.50065
2.50061
2.50055
2.50047
2.50038
2.50025
2.5001
2.49991
2.49967
2.49939
2.49905
2.49864
2.49816
2.4976
2.49695
2.49619
2.49533
2.49435
2.49325
2.492
2.49061
2.48907
2.48737
2.48549
2.48344
2.4812
2.47878
2.47616
2.47335
2.47034
2.46713
2.46372
2.4601
2.4563
2.45229
2.44808
2.44368
2.43909
2.4343
2.42933
2.42419
2.41887
2.41338
2.40775
2.40197
2.39605
2.39002
2.38386
2.3776
2.37123
2.36477
2.35821
2.35157
2.34484
2.33805
2.33119
2.32428
2.31732
2.31032
2.30327
2.29618
2.28904
2.28183
2.27454
2.26717
2.25969
2.25211
2.24443
2.23665
2.22879
2.22087
2.21292
2.20496
2.197
2.18906
2.18113
2.1732
2.16525
2.15723
2.14913
2.14091
2.13256
2.12407
2.11546
2.10675
2.09798
2.0892
2.08044
2.07173
2.06311
2.05459
2.04616
2.03782
2.02956
2.02138
2.01329
2.00532
1.99753
1.99001
1.98285
1.97615
1.97002
1.96453
1.95975
1.95573
1.95254
1.95018
1.94864
1.94783
1.94761
1.94787
1.94849
1.94946
1.95066
1.95201
1.95332
1.95447
1.95546
1.95627
1.95698
1.95757
1.95802
1.95833
1.95856
1.95876
1.95901
1.95928
1.95954
1.95976
1.95994
1.96013
1.9603
1.96049
1.96071
1.961
1.96134
1.96168
1.96185
1.96169
1.96125
1.96053
1.95934
1.9577
1.95529
1.95226
1.9494
1.94805
1.94913
1.95381
1.96363
1.97953
2.00621
2.0491
2.1088
2.19009
2.30081
2.42984
2.21074
2.42263
2.43299
2.4041
2.39432
2.38809
2.38089
2.37571
2.3728
2.36958
2.36731
2.36439
2.36249
2.36034
2.35873
2.3572
2.35591
2.35495
2.35418
2.35345
2.35248
2.35135
2.35002
2.34859
2.34719
2.34608
2.34537
2.34499
2.34458
2.34337
2.34016
2.33335
2.32119
2.30168
2.2727
2.23274
2.18127
2.1188
2.04854
1.97748
1.91408
1.86534
1.83304
1.81441
1.80499
1.80078
1.79915
1.79847
1.79766
1.79565
1.79123
1.78334
1.77143
1.75549
1.7363
1.71576
1.6952
1.67473
1.65646
1.64055
1.6227
1.60146
1.5766
1.5385
1.48762
1.44376
1.39742
1.32707
1.25325
1.20639
1.18511
1.17934
1.1763
1.16685
1.1623
1.16567
1.15715
1.127
1.43672
1.68786
