-1.19312
-1.068
-1.03547
-1.00712
-0.979707
-0.953619
-0.927624
-0.901979
-0.877692
-0.856128
-0.838582
-0.824315
-0.811561
-0.799834
-0.788973
-0.778745
-0.769002
-0.759584
-0.750474
-0.741605
-0.73305
-0.724833
-0.716952
-0.709368
-0.702088
-0.695082
-0.688335
-0.681808
-0.675469
-0.6693
-0.663275
-0.657382
-0.651615
-0.645975
-0.640466
-0.635086
-0.62983
-0.624691
-0.61967
-0.614754
-0.609947
-0.605234
-0.60062
-0.596093
-0.591655
-0.587296
-0.583015
-0.578808
-0.57467
-0.570595
-0.566584
-0.562629
-0.558737
-0.554902
-0.551125
-0.547408
-0.543748
-0.540142
-0.536593
-0.533091
-0.529642
-0.526238
-0.522877
-0.519558
-0.516278
-0.513036
-0.509832
-0.506665
-0.503534
-0.500442
-0.497384
-0.494364
-0.49138
-0.488429
-0.485515
-0.482631
-0.479778
-0.476955
-0.474159
-0.471391
-0.46865
-0.465935
-0.463246
-0.460583
-0.457945
-0.455332
-0.452744
-0.45018
-0.44764
-0.445122
-0.442628
-0.440156
-0.437705
-0.435274
-0.432864
-0.430473
-0.428102
-0.42575
-0.423417
-0.421103
-0.418806
-0.416528
-0.414267
-0.412023
-0.409796
-0.407584
-0.405389
-0.403208
-0.401043
-0.398893
-0.396758
-0.394637
-0.392531
-0.390438
-0.388359
-0.386293
-0.384239
-0.382198
-0.380167
-0.378148
-0.37614
-0.374142
-0.372153
-0.370173
-0.368203
-0.366241
-0.364287
-0.36234
-0.360401
-0.358468
-0.356542
-0.354621
-0.352706
-0.350795
-0.348889
-0.346987
-0.345088
-0.343193
-0.341301
-0.339412
-0.337525
-0.335641
-0.333758
-0.331877
-0.329997
-0.328118
-0.326241
-0.324364
-0.322488
-0.320613
-0.318738
-0.316863
-0.314989
-0.313115
-0.311241
-0.309367
-0.307493
-0.305619
-0.303746
-0.301872
-0.299999
-0.298125
-0.296251
-0.294378
-0.292504
-0.29063
-0.288756
-0.286882
-0.285008
-0.283133
-0.281258
-0.279383
-0.277507
-0.275631
-0.273753
-0.271875
-0.269996
-0.268115
-0.266233
-0.264349
-0.262463
-0.260575
-0.258684
-0.25679
-0.254893
-0.252993
-0.251089
-0.249181
-0.247268
-0.24535
-0.243427
-0.241497
-0.239562
-0.237619
-0.23567
-0.233713
-0.231747
-0.229774
-0.227791
-0.225799
-0.223798
-0.221786
-0.219764
-0.217731
-0.215686
-0.213629
-0.211559
-0.209477
-0.207381
-0.205271
-0.203147
-0.20101
-0.198858
-0.196691
-0.19451
-0.192313
-0.1901
-0.187871
-0.185626
-0.183364
-0.181085
-0.178788
-0.176474
-0.174142
-0.171791
-0.169422
-0.167034
-0.164627
-0.162202
-0.159755
-0.157288
-0.154799
-0.152288
-0.149754
-0.147197
-0.144615
-0.142011
-0.139383
-0.136731
-0.134056
-0.131356
-0.128633
-0.125884
-0.12311
-0.12031
-0.117481
-0.114624
-0.111737
-0.108817
-0.105867
-0.102885
-0.0998689
-0.0968242
-0.0937456
-0.0906374
-0.0874979
-0.0843271
-0.0811263
-0.0778949
-0.0746319
-0.0713376
-0.0680119
-0.0646526
-0.0612651
-0.0578475
-0.0544062
-0.050946
-0.0474684
-0.0439799
-0.0404786
-0.0369701
-0.0334649
-0.0299666
-0.0264746
-0.0229889
-0.0194924
-0.0159979
-0.0125075
-0.0090371
-0.00558459
-0.00213149
0.00132602
0.00480484
0.00827217
0.0117164
0.0151467
0.0185852
0.0220412
0.0255092
0.0289748
0.0324059
0.0358284
0.0392638
0.0427299
0.0461957
0.0496368
0.053057
0.0564836
0.0599309
0.063389
0.0668441
0.0702897
0.0737099
0.0771066
0.080556
0.0840433
0.0875086
0.0908828
0.0942194
0.0976932
0.101228
0.104676
0.108
0.111537
0.115192
0.118572
0.122389
0.126271
0.130161
0.133929
0.138137
0.142515
0.14631
0.150345
0.154955
0.159086
0.162982
0.167146
0.171529
0.175654
0.179649
0.183736
0.18801
0.192143
0.196209
0.200285
0.204472
0.208618
0.212716
0.216804
0.220931
0.225056
0.229169
0.233278
0.237395
0.241525
0.24566
0.24979
0.253917
0.258043
0.262164
0.266285
0.270417
0.274589
0.278828
0.283202
0.287755
0.292589
0.297781
0.303417
0.309523
0.31608
0.323004
0.330185
0.337519
0.34493
0.352375
0.359833
0.367297
0.374774
0.382287
0.38987
0.397581
0.405464
0.413552
0.421928
0.430539
0.439394
0.448571
0.457934
0.467506
0.477384
0.487718
0.49841
0.510158
0.522932
0.536497
0.551521
0.56929
0.58969
0.611752
0.634833
0.658006
0.68199
0.708665
0.735328
0.765682
0.789922
0.822623
0.846225
