-3.18949
-2.67771
-2.59387
-2.58578
-2.58344
-2.55512
-2.53741
-2.49176
-2.40877
-2.23647
-2.04114
-1.92048
-1.83029
-1.75523
-1.70544
-1.6761
-1.65472
-1.62972
-1.59703
-1.55901
-1.51935
-1.48026
-1.44367
-1.40892
-1.37671
-1.34617
-1.31637
-1.28699
-1.25867
-1.23289
-1.20979
-1.18886
-1.16874
-1.14881
-1.12815
-1.10696
-1.08461
-1.0617
-1.03855
-1.01579
-0.993546
-0.972273
-0.951982
-0.933198
-0.91569
-0.899051
-0.883264
-0.867552
-0.851834
-0.835766
-0.819195
-0.802361
-0.785308
-0.768338
-0.75171
-0.735583
-0.720128
-0.705288
-0.690955
-0.677003
-0.663373
-0.649895
-0.636562
-0.623291
-0.610076
-0.596877
-0.58376
-0.570715
-0.557778
-0.544997
-0.532393
-0.520014
-0.507847
-0.495868
-0.484124
-0.472497
-0.46099
-0.449569
-0.438268
-0.427096
-0.416096
-0.405253
-0.394613
-0.384131
-0.37379
-0.363544
-0.353327
-0.343164
-0.33302
-0.322926
-0.312895
-0.302951
-0.29313
-0.283451
-0.273915
-0.264529
-0.255303
-0.246233
-0.237331
-0.228558
-0.2199
-0.211345
-0.202843
-0.1944
-0.185988
-0.177603
-0.169281
-0.161035
-0.152905
-0.144923
-0.137102
-0.129474
-0.122047
-0.114822
-0.107802
-0.100972
-0.0943368
-0.087902
-0.0816722
-0.0756593
-0.0698756
-0.0643278
-0.0590283
-0.0539862
-0.0492013
-0.0446773
-0.0404142
-0.0364045
-0.0326457
-0.0291355
-0.0258708
-0.0228476
-0.0200622
-0.0175102
-0.0151856
-0.0130812
-0.0111885
-0.00949742
-0.00799613
-0.00667266
-0.00551387
-0.00450688
-0.00363892
-0.00289752
-0.00227055
-0.0017469
-0.00131523
-0.000964605
-0.000685199
-0.000467533
-0.000300652
-0.000175717
-8.59897e-05
-2.43016e-05
1.62122e-05
4.18848e-05
5.70401e-05
6.55647e-05
6.99683e-05
7.22025e-05
7.36731e-05
7.5537e-05
7.88787e-05
8.54568e-05
9.76762e-05
0.000118689
0.000152812
0.000205298
0.000283032
0.000393198
0.000542227
0.000737891
0.000990389
0.0013092
0.00170354
0.00218351
0.00275996
0.00344361
0.00424628
0.00517994
0.00625716
0.00749058
0.00889279
0.0104755
0.0122499
0.0142257
0.0164111
0.0188133
0.0214389
0.0242929
0.0273806
0.0307076
0.0342783
0.0380967
0.0421659
0.0464885
0.0510683
0.0559002
0.0609788
0.0662986
0.0718464
0.0776128
0.083592
0.0897743
0.0961568
0.102741
0.109524
0.116509
0.123705
0.131106
0.138703
0.146473
0.154377
0.162399
0.170496
0.178637
0.186819
0.195014
0.203248
0.211557
0.219948
0.228472
0.23713
0.245932
0.254895
0.263981
0.273189
0.282494
0.291872
0.301342
0.310886
0.320504
0.330182
0.339936
0.349757
0.359679
0.369686
0.379795
0.390023
0.400349
0.410786
0.421246
0.431747
0.44225
0.452756
0.463289
0.473889
0.484599
0.495521
0.506671
0.518088
0.529756
0.541554
0.553427
0.565208
0.576783
0.588012
0.598831
0.609177
0.61907
0.628525
0.637649
0.646526
0.655199
0.663653
0.671744
0.679164
0.685574
0.690703
0.694357
0.696236
0.6961
0.694671
0.692857
0.690721
0.688378
0.686357
0.684859
0.683917
0.683335
0.682732
0.681978
0.681074
0.680265
0.679717
0.679346
0.678956
0.678457
0.677894
0.67745
0.677274
0.67723
0.677143
0.676958
0.676752
0.676615
0.676561
0.67649
0.676282
0.676017
0.675817
0.675734
0.675769
0.675674
0.675337
0.675144
0.675336
0.675261
0.675166
0.675136
0.674607
0.674044
0.675086
0.674727
0.674286
0.674543
0.673417
0.674439
0.674858
0.676245
0.67305
0.673839
0.674744
0.673606
0.672268
0.672775
0.673193
0.673915
0.673752
0.673457
0.673493
0.673456
0.673188
0.672688
0.671883
0.671525
0.672186
0.672036
0.671834
0.671811
0.67194
0.671767
0.671029
0.669867
0.668534
0.66728
0.666252
0.666152
0.667002
0.667923
0.6677
0.665574
0.658016
0.645013
0.618699
0.58344
0.528093
0.457381
0.369365
0.275639
0.185356
0.1111
0.0586394
0.026431
0.00919998
0.000903426
-0.00277809
-0.00420666
-0.00431179
-0.00242023
0.00324219
0.0139336
0.0315771
0.0560979
0.0841833
0.116278
0.150072
0.178053
0.205342
0.233887
0.254645
0.275333
0.319644
0.373102
0.430789
0.519102
0.592278
0.685424
0.86454
1.02795
1.08056
1.09146
1.15318
1.19892
1.25772
1.33278
1.29857
1.22091
1.40834
1.48192
