0.0457332
0.0396428
0.0366063
0.0344135
0.0330498
0.032226
0.0316356
0.0317685
0.0338109
0.0410251
0.0540399
0.0665826
0.0758904
0.0842838
0.0916854
0.0981783
0.104013
0.10951
0.114932
0.12077
0.127402
0.134689
0.142394
0.150485
0.158892
0.167412
0.175694
0.183468
0.190615
0.197218
0.203541
0.209915
0.216624
0.223811
0.231456
0.239438
0.247614
0.255863
0.264081
0.272236
0.280275
0.288212
0.296057
0.303857
0.311645
0.319455
0.327298
0.335173
0.343078
0.351018
0.358996
0.367039
0.375147
0.383332
0.391598
0.39993
0.408311
0.416718
0.425111
0.433474
0.44177
0.449999
0.458159
0.466271
0.474364
0.482474
0.490636
0.49888
0.507225
0.515668
0.524203
0.532795
0.541413
0.550026
0.558593
0.567103
0.575541
0.583912
0.592233
0.600525
0.608814
0.617129
0.625488
0.633908
0.64239
0.650929
0.659513
0.668116
0.676721
0.685307
0.693856
0.702362
0.710822
0.719239
0.727622
0.73598
0.744325
0.752665
0.761004
0.769345
0.777682
0.786011
0.794323
0.802607
0.810851
0.819046
0.827179
0.835243
0.843225
0.851115
0.858902
0.866572
0.874113
0.881508
0.888742
0.8958
0.902667
0.90933
0.915775
0.921994
0.927975
0.933713
0.939201
0.944434
0.949407
0.954118
0.958565
0.962745
0.966658
0.970307
0.973693
0.97682
0.979694
0.982323
0.984715
0.98688
0.988828
0.990572
0.992124
0.993497
0.994703
0.995756
0.996668
0.997452
0.998121
0.998686
0.99916
0.999554
0.999878
1.00014
1.00035
1.00052
1.00066
1.00076
1.00084
1.0009
1.00094
1.00097
1.00099
1.001
1.00099
1.00098
1.00096
1.00093
1.00089
1.00083
1.00075
1.00065
1.00053
1.00037
1.00017
0.999919
0.999616
0.999248
0.998806
0.998278
0.997654
0.996922
0.996071
0.995087
0.993959
0.992674
0.991219
0.989583
0.987751
0.985714
0.98346
0.980978
0.978261
0.9753
0.97209
0.968626
0.964906
0.960926
0.956688
0.95219
0.947434
0.942422
0.937158
0.931644
0.925888
0.919896
0.913677
0.907242
0.900603
0.893773
0.886767
0.879599
0.872283
0.864831
0.857255
0.849567
0.841776
0.833893
0.825929
0.817898
0.809811
0.801687
0.793538
0.785379
0.777222
0.769074
0.760937
0.752808
0.744679
0.736538
0.728373
0.72017
0.711922
0.703625
0.695284
0.686912
0.678526
0.670151
0.661811
0.653527
0.645316
0.637181
0.629119
0.621116
0.613148
0.605195
0.59723
0.589238
0.581213
0.573155
0.565082
0.557019
0.548989
0.541027
0.533157
0.525391
0.517748
0.510216
0.5028
0.495494
0.488299
0.481228
0.474299
0.467547
0.461022
0.454782
0.448887
0.443401
0.43836
0.433799
0.42974
0.426208
0.423243
0.420876
0.419125
0.417971
0.417363
0.417235
0.417523
0.418172
0.419086
0.420142
0.421188
0.422116
0.422897
0.423546
0.424106
0.424588
0.424978
0.42526
0.425467
0.425646
0.425839
0.426058
0.42627
0.426451
0.4266
0.426738
0.426869
0.426993
0.427103
0.427209
0.427329
0.427476
0.427623
0.427729
0.427798
0.427825
0.427774
0.427603
0.427136
0.4263
0.425199
0.423901
0.422425
0.420954
0.419613
0.418026
0.417153
0.418896
0.422067
0.428852
0.44117
0.457662
0.409579
0.44308
0.441541
0.43405
0.431257
0.430112
0.429237
0.428944
0.429062
0.42907
0.42916
0.428983
0.428891
0.428717
0.428644
0.428598
0.428582
0.428635
0.428704
0.428711
0.428523
0.428142
0.427606
0.427017
0.426491
0.426142
0.426009
0.425956
0.425624
0.424393
0.421418
0.415777
0.406544
0.392835
0.374051
0.350411
0.322476
0.29181
0.261275
0.234151
0.212922
0.198298
0.189347
0.184473
0.182114
0.18112
0.180778
0.180669
0.180509
0.179999
0.178765
0.176442
0.172811
0.167838
0.161805
0.155326
0.148835
0.142503
0.136997
0.132244
0.127191
0.121778
0.115706
0.106536
0.0951902
0.0857731
0.0763258
0.0642613
0.052686
0.0453716
0.0421241
0.0413856
0.0410208
0.0397523
0.0390377
0.0390118
0.0389895
0.0379732
0.0478908
0.0562618
