-0.6
-0.598125
-0.59625
-0.594375
-0.5925
-0.590625
-0.58875
-0.586875
-0.585
-0.583125
-0.58125
-0.579375
-0.5775
-0.575625
-0.57375
-0.571875
-0.57
-0.568125
-0.56625
-0.564375
-0.5625
-0.560625
-0.55875
-0.556875
-0.555
-0.553125
-0.55125
-0.549375
-0.5475
-0.545625
-0.54375
-0.541875
-0.54
-0.538125
-0.53625
-0.534375
-0.5325
-0.530625
-0.52875
-0.526875
-0.525
-0.523125
-0.52125
-0.519375
-0.5175
-0.515625
-0.51375
-0.511875
-0.51
-0.508125
-0.50625
-0.504375
-0.5025
-0.500625
-0.49875
-0.496875
-0.495
-0.493125
-0.49125
-0.489375
-0.4875
-0.485625
-0.48375
-0.481875
-0.48
-0.478125
-0.47625
-0.474375
-0.4725
-0.470625
-0.46875
-0.466875
-0.465
-0.463125
-0.46125
-0.459375
-0.4575
-0.455625
-0.45375
-0.451875
-0.45
-0.448125
-0.44625
-0.444375
-0.4425
-0.440625
-0.43875
-0.436875
-0.435
-0.433125
-0.43125
-0.429375
-0.4275
-0.425625
-0.42375
-0.421875
-0.42
-0.418125
-0.41625
-0.414375
-0.4125
-0.410625
-0.40875
-0.406875
-0.405
-0.403125
-0.40125
-0.399375
-0.3975
-0.395625
-0.39375
-0.391875
-0.39
-0.388125
-0.38625
-0.384375
-0.3825
-0.380625
-0.37875
-0.376875
-0.375
-0.373125
-0.37125
-0.369375
-0.3675
-0.365625
-0.36375
-0.361875
-0.36
-0.358125
-0.35625
-0.354375
-0.3525
-0.350625
-0.34875
-0.346875
-0.345
-0.343125
-0.34125
-0.339375
-0.3375
-0.335625
-0.33375
-0.331875
-0.33
-0.328125
-0.32625
-0.324375
-0.3225
-0.320625
-0.31875
-0.316875
-0.315
-0.313125
-0.31125
-0.309375
-0.3075
-0.305625
-0.30375
-0.301875
-0.3
-0.298125
-0.29625
-0.294375
-0.2925
-0.290625
-0.28875
-0.286875
-0.285
-0.283125
-0.28125
-0.279375
-0.2775
-0.275625
-0.27375
-0.271875
-0.27
-0.268125
-0.26625
-0.264375
-0.2625
-0.260625
-0.25875
-0.256875
-0.255
-0.253125
-0.25125
-0.249375
-0.2475
-0.245625
-0.24375
-0.241875
-0.24
-0.238125
-0.23625
-0.234375
-0.2325
-0.230625
-0.22875
-0.226875
-0.225
-0.223125
-0.22125
-0.219375
-0.2175
-0.215625
-0.21375
-0.211875
-0.21
-0.208125
-0.20625
-0.204375
-0.2025
-0.200625
-0.19875
-0.196875
-0.195
-0.193125
-0.19125
-0.189375
-0.1875
-0.185625
-0.18375
-0.181875
-0.18
-0.178125
-0.17625
-0.174375
-0.1725
-0.170625
-0.16875
-0.166875
-0.165
-0.163125
-0.16125
-0.159375
-0.1575
-0.155625
-0.15375
-0.151875
-0.15
-0.148125
-0.14625
-0.144375
-0.1425
-0.140625
-0.13875
-0.136875
-0.135
-0.133125
-0.13125
-0.129375
-0.1275
-0.125625
-0.12375
-0.121875
-0.12
-0.118125
-0.11625
-0.114375
-0.1125
-0.110625
-0.10875
-0.106875
-0.105
-0.103125
-0.10125
-0.099375
-0.0975
-0.095625
-0.09375
-0.091875
-0.09
-0.088125
-0.08625
-0.084375
-0.0825
-0.080625
-0.07875
-0.076875
-0.075
-0.073125
-0.07125
-0.069375
-0.0675
-0.065625
-0.06375
-0.061875
-0.06
-0.058125
-0.05625
-0.054375
-0.0525
-0.050625
-0.04875
-0.046875
-0.045
-0.043125
-0.04125
-0.039375
-0.0375
-0.035625
-0.03375
-0.031875
-0.03
-0.028125
-0.02625
-0.024375
-0.0225
-0.020625
-0.01875
-0.016875
-0.015
-0.013125
-0.01125
-0.009375
-0.0075
-0.005625
-0.00375
-0.001875
0.0075
0.015
0.0225
0.03
0.0375
0.045
0.0525
0.06
0.0675
0.075
0.0825
0.09
0.0975
0.105
0.1125
0.12
0.1275
0.135
0.1425
0.15
0.1575
0.165
0.1725
0.18
0.1875
0.195
0.2025
0.21
0.2175
0.225
0.2325
0.24
0.2475
0.255
0.2625
0.27
0.2775
0.285
0.2925
0.3
0.3075
0.315
0.3225
0.33
0.3375
0.345
0.3525
0.36
0.3675
0.375
0.3825
0.39
0.3975
0.405
0.4125
0.42
0.4275
0.435
0.4425
0.45
0.4575
0.465
0.4725
0.48
0.4875
0.495
0.5025
0.51
0.5175
0.525
0.5325
0.54
0.5475
0.555
0.5625
0.57
0.5775
0.585
0.5925
0.6
