-9.03407 -9.03407
-9.73374 -8.14371
-10.2263 -7.51677
-10.6647 -6.99248
-11.0688 -6.47947
-11.303 -5.92146
-11.3798 -5.38983
-11.3639 -4.87155
-11.288 -4.33857
-11.1775 -3.77672
-11.0574 -3.17191
-10.9437 -2.52049
-10.8523 -1.83021
-10.7914 -1.10944
-10.7597 -0.371405
-10.7597 0.371381
-10.7914 1.10943
-10.8524 1.83021
-10.9437 2.52049
-11.0573 3.17191
-11.1775 3.77672
-11.2879 4.33857
-11.3639 4.87155
-11.3799 5.38984
-11.3031 5.92147
-11.0688 6.47947
-10.6647 6.99247
-10.2263 7.51674
-9.73374 8.14368
-9.03405 9.03405
-8.14371 -9.73373
-8.64257 -8.64257
-9.15802 -7.89097
-9.62312 -7.24381
-10.0134 -6.63962
-10.2032 -6.06663
-10.2895 -5.50937
-10.309 -4.95424
-10.3043 -4.37582
-10.2731 -3.77203
-10.2219 -3.14126
-10.1672 -2.47983
-10.1197 -1.79321
-10.0835 -1.08572
-10.0627 -0.363671
-10.0627 0.363649
-10.0835 1.0857
-10.1197 1.79322
-10.1672 2.47984
-10.2219 3.14126
-10.2731 3.77203
-10.3043 4.37582
-10.309 4.95424
-10.2895 5.50936
-10.2032 6.06662
-10.0134 6.63963
-9.62314 7.24381
-9.15806 7.89098
-8.6426 8.64259
-8.1437 9.73375
-7.51677 -10.2263
-7.89097 -9.15802
-8.2501 -8.2501
-8.65768 -7.52866
-9.01927 -6.86544
-9.2031 -6.21988
-9.30355 -5.61336
-9.35115 -5.02306
-9.37747 -4.40821
-9.39086 -3.7786
-9.38079 -3.13564
-9.36298 -2.46434
-9.34457 -1.77279
-9.32641 -1.0715
-9.31442 -0.359434
-9.31441 0.359429
-9.32639 1.0715
-9.34455 1.77279
-9.36297 2.46434
-9.3808 3.13564
-9.39088 3.77861
-9.37748 4.40823
-9.35115 5.02306
-9.30355 5.61334
-9.20313 6.21986
-9.0193 6.86544
-8.65772 7.52867
-8.25015 8.25012
-7.89103 9.15806
-7.51678 10.2263
-6.99248 -10.6647
-7.24381 -9.62312
-7.52866 -8.65768
-7.77935 -7.77935
-8.10326 -7.06164
-8.32565 -6.38275
-8.43834 -5.73533
-8.50322 -5.09799
-8.55276 -4.44207
-8.58188 -3.78924
-8.58432 -3.13765
-8.58245 -2.45451
-8.58063 -1.75351
-8.56957 -1.0548
-8.55512 -0.354305
-8.55512 0.354312
-8.56959 1.0548
-8.58066 1.75351
-8.58249 2.45449
-8.58439 3.13764
-8.58198 3.78924
-8.55288 4.44209
-8.50333 5.09801
-8.43844 5.73533
-8.32575 6.38275
-8.10334 7.06165
-7.77941 7.77937
-7.52873 8.65771
-7.24389 9.62317
-6.99251 10.6647
-6.47947 -11.0688
-6.63962 -10.0134
-6.86544 -9.01927
-7.06164 -8.10326
-7.28266 -7.28266
-7.48681 -6.54128
-7.62847 -5.86733
-7.71181 -5.19448
-7.75927 -4.4977
-7.79196 -3.81831
-7.80818 -3.15151
-7.81213 -2.45991
-7.81558 -1.75267
-7.81985 -1.04572
-7.82215 -0.349243
-7.82219 0.349206
-7.81996 1.04569
-7.81572 1.75264
-7.81227 2.45988
-7.80834 3.15146
-7.79215 3.81827
-7.75947 4.49771
-7.71201 5.19451
-7.62867 5.86736
-7.48698 6.54133
-7.28278 7.28271
-7.06175 8.1033
-6.86555 9.01932
-6.63972 10.0134
-6.47952 11.0689
-5.92146 -11.303
-6.06663 -10.2032
-6.21988 -9.2031
-6.38275 -8.32565
-6.54128 -7.48681
-6.68008 -6.68008
-6.80324 -5.97366
-6.88654 -5.26743
-6.9299 -4.53826
-6.96764 -3.84899
-7.00435 -3.1681
-7.01634 -2.46457
-7.01655 -1.75905
-7.02679 -1.05563
-7.04332 -0.353034
-7.04337 0.352902
-7.02693 1.05551
-7.01674 1.759
-7.01652 2.46454
-7.00452 3.16804
-6.9678 3.84893
-6.93006 4.53828
-6.8867 5.26747
-6.80342 5.97371
-6.68027 6.68015
-6.54147 7.48691
-6.38291 8.32571
-6.22 9.20318
-6.06671 10.2033
-5.92152 11.3031
-5.38983 -11.3798
-5.50937 -10.2895
-5.61335 -9.30355
-5.73533 -8.43834
-5.86733 -7.62847
-5.97366 -6.80324
-6.04758 -6.04758
-6.10413 -5.32311
-6.15292 -4.59509
-6.19151 -3.89958
-6.22613 -3.19821
-6.24405 -2.47529
-6.25516 -1.76793
-6.26154 -1.07015
-6.26368 -0.358874
-6.26369 0.358666
-6.26161 1.06995
-6.25528 1.76786
-6.24419 2.47528
-6.22627 3.19814
-6.19166 3.89953
-6.15312 4.59511
-6.10435 5.32314
-6.04781 6.04761
-5.97391 6.80332
-5.86756 7.62862
-5.7355 8.43844
-5.61347 9.30364
-5.50944 10.2896
-5.38989 11.3799
-4.87155 -11.3639
-4.95424 -10.309
-5.02305 -9.35115
-5.09799 -8.50322
-5.19448 -7.71181
-5.26743 -6.88654
-5.32311 -6.10413
-5.3846 -5.3846
-5.45484 -4.6623
-5.49049 -3.93323
-5.49115 -3.21092
-5.50031 -2.49768
-5.52963 -1.78806
-5.53984 -1.06744
-5.52771 -0.351026
-5.5277 0.350806
-5.53985 1.06718
-5.52971 1.78794
-5.50044 2.49766
-5.49131 3.21085
-5.49071 3.93316
-5.45514 4.6623
-5.38492 5.38465
-5.32338 6.10418
-5.26765 6.88664
-5.19466 7.71198
-5.09815 8.50335
-5.02317 9.35126
-4.95432 10.3091
-4.8716 11.3639
-4.33857 -11.288
-4.37582 -10.3043
-4.40821 -9.37747
-4.44207 -8.55276
-4.4977 -7.75927
-4.53826 -6.9299
-4.59508 -6.15292
-4.6623 -5.45484
-4.71791 -4.71791
-4.73968 -3.92765
-4.73655 -3.19808
-4.74959 -2.52322
-4.77703 -1.81488
-4.78627 -1.05772
-4.77987 -0.338622
-4.77989 0.338405
-4.78632 1.05743
-4.77712 1.81468
-4.74972 2.52317
-4.73668 3.19796
-4.73989 3.92748
-4.71818 4.71787
-4.66259 5.45492
-4.59532 6.15303
-4.53841 6.93001
-4.49784 7.75944
-4.44223 8.55291
-4.40835 9.37762
-4.37591 10.3045
-4.33862 11.2881
-3.77672 -11.1775
-3.77203 -10.2731
-3.7786 -9.39086
-3.78924 -8.58188
-3.81831 -7.79195
-3.84898 -6.96764
-3.89958 -6.19151
-3.93324 -5.49049
-3.92766 -4.73968
-3.93736 -3.93735
-3.97555 -3.21339
-4.0074 -2.54508
-4.01381 -1.8264
-4.0146 -1.0574
-4.0231 -0.337784
-4.02317 0.337524
-4.01473 1.05708
-4.01392 1.8262
-4.00745 2.54506
-3.97555 3.21327
-3.93734 3.93712
-3.9277 4.7396
-3.93337 5.49055
-3.89977 6.19161
-3.84917 6.96775
-3.81849 7.79212
-3.78943 8.58204
-3.77876 9.39105
-3.77213 10.2733
-3.77677 11.1776
-3.17191 -11.0574
-3.14127 -10.2219
-3.13564 -9.3808
-3.13765 -8.58432
-3.15151 -7.80818
-3.1681 -7.00434
-3.19821 -6.22613
-3.21092 -5.49115
-3.19808 -4.73655
-3.21339 -3.97555
-3.26065 -3.26065
-3.29005 -2.5611
-3.28483 -1.8209
-3.2841 -1.0651
-3.29641 -0.346241
-3.29642 0.345916
-3.28412 1.06476
-3.28481 1.82075
-3.29003 2.5611
-3.2607 3.26052
-3.21346 3.97528
-3.19818 4.7364
-3.21108 5.49115
-3.19842 6.2262
-3.16832 7.00449
-3.15171 7.80837
-3.13782 8.58447
-3.13578 9.381
-3.14135 10.2222
-3.17196 11.0576
-2.5205 -10.9437
-2.47984 -10.1672
-2.46434 -9.36298
-2.4545 -8.58245
-2.45991 -7.81213
-2.46457 -7.01634
-2.4753 -6.24406
-2.49769 -5.50031
-2.52322 -4.74959
-2.54508 -4.0074
-2.5611 -3.29005
-2.56584 -2.56583
-2.56589 -1.81699
-2.57217 -1.07306
-2.57877 -0.352854
-2.57871 0.352567
-2.57207 1.07273
-2.5658 1.8168
-2.5659 2.56571
-2.56133 3.28983
-2.54535 4.00712
-2.52349 4.74945
-2.49793 5.50031
-2.47552 6.24411
-2.46479 7.0165
-2.46012 7.81236
-2.45468 8.58263
-2.46446 9.36319
-2.47992 10.1676
-2.52055 10.944
-1.83021 -10.8523
-1.79322 -10.1197
-1.77278 -9.34457
-1.75351 -8.58063
-1.75266 -7.81558
-1.75906 -7.01656
-1.76793 -6.25516
-1.78806 -5.52963
-1.81488 -4.77702
-1.8264 -4.01382
-1.82091 -3.28484
-1.817 -2.56588
-1.82477 -1.82476
-1.83427 -1.07743
-1.83631 -0.35271
-1.83626 0.352521
-1.83415 1.07709
-1.82473 1.82442
-1.81709 2.56562
-1.82101 3.28458
-1.82643 4.01357
-1.81489 4.77689
-1.78816 5.52959
-1.76816 6.25517
-1.75933 7.01671
-1.75289 7.81586
-1.75368 8.58086
-1.7729 9.3448
-1.7933 10.1201
-1.83027 10.8528
-1.10944 -10.7914
-1.08571 -10.0835
-1.0715 -9.3264
-1.05479 -8.56957
-1.04572 -7.81985
-1.05563 -7.0268
-1.07015 -6.26154
-1.06743 -5.53983
-1.05772 -4.78628
-1.05741 -4.01461
-1.06511 -3.28411
-1.07306 -2.57217
-1.07743 -1.83426
-1.08036 -1.08036
-1.08446 -0.352971
-1.08449 0.352841
-1.08041 1.08004
-1.07741 1.8339
-1.07287 2.57196
-1.06477 3.28391
-1.05708 4.01435
-1.05756 4.78599
-1.06752 5.53961
-1.07036 6.26149
-1.05578 7.02703
-1.04574 7.82021
-1.05479 8.56979
-1.07155 9.32661
-1.08579 10.0839
-1.1095 10.792
-0.371403 -10.7597
-0.363667 -10.0627
-0.359429 -9.31441
-0.354305 -8.55512
-0.349247 -7.82216
-0.353036 -7.04332
-0.358868 -6.26367
-0.351022 -5.52771
-0.338627 -4.77988
-0.337796 -4.02312
-0.346246 -3.29641
-0.352852 -2.57875
-0.352712 -1.83631
-0.352979 -1.08446
-0.357257 -0.357245
-0.357362 0.357015
-0.3531 1.08424
-0.352607 1.83622
-0.352514 2.57871
-0.345998 3.2961
-0.337842 4.02263
-0.338816 4.77947
-0.351045 5.52751
-0.358613 6.26372
-0.352707 7.04361
-0.349027 7.82247
-0.354239 8.5552
-0.359484 9.31455
-0.363771 10.0631
-0.371519 10.7603
0.371384 -10.7597
0.363653 -10.0627
0.359432 -9.31441
0.35431 -8.55513
0.349202 -7.8222
0.352901 -7.04336
0.358668 -6.26369
0.350801 -5.52771
0.338392 -4.77992
0.337513 -4.02318
0.345919 -3.29641
0.352567 -2.57871
0.352508 -1.83627
0.352819 -1.0845
0.356999 -0.357346
0.357027 0.357035
0.35296 1.08445
0.352753 1.83641
0.352668 2.57856
0.345726 3.2958
0.337248 4.02257
0.338416 4.7798
0.351223 5.52789
0.359087 6.26373
0.352882 7.04335
0.348838 7.82232
0.354014 8.55522
0.359288 9.31457
0.36351 10.0631
0.371179 10.7603
1.10943 -10.7914
1.08571 -10.0835
1.0715 -9.32639
1.05479 -8.5696
1.04568 -7.81996
1.05552 -7.02692
1.06995 -6.26161
1.06717 -5.53987
1.05741 -4.78634
1.05707 -4.01471
1.06477 -3.2841
1.07272 -2.57208
1.07706 -1.83417
1.08002 -1.08039
1.08425 -0.353063
1.08447 0.352969
1.08042 1.08041
1.07721 1.83409
1.07244 2.57165
1.06457 3.28356
1.05739 4.01445
1.05802 4.78646
1.06731 5.53981
1.06919 6.26112
1.05432 7.02663
1.04487 7.82036
1.05471 8.57011
1.07163 9.32655
1.08565 10.0837
1.10924 10.7921
1.83021 -10.8523
1.79322 -10.1197
1.77279 -9.34456
1.7535 -8.58067
1.75264 -7.81572
1.75901 -7.01673
1.76785 -6.25529
1.78792 -5.52974
1.81468 -4.77713
1.82621 -4.0139
1.82075 -3.2848
1.81677 -2.56583
1.8244 -1.82474
1.83391 -1.07736
1.83625 -0.352556
1.83643 0.352761
1.83411 1.0772
1.8242 1.82419
1.81643 2.56537
1.82089 3.28469
1.82667 4.01384
1.81457 4.77667
1.78685 5.529
1.76669 6.25487
1.75875 7.01713
1.75317 7.81671
1.754 8.58115
1.77269 9.34436
1.79291 10.1198
1.82997 10.8533
2.52049 -10.9437
2.47984 -10.1672
2.46433 -9.36298
2.45449 -8.5825
2.45988 -7.81226
2.46454 -7.01652
2.47527 -6.24422
2.49765 -5.50046
2.52318 -4.74971
2.54507 -4.00744
2.56108 -3.29006
2.56568 -2.56594
2.56561 -1.81706
2.57197 -1.0728
2.57871 -0.352477
2.57857 0.352681
2.57165 1.07244
2.56535 1.8164
2.56571 2.56573
2.56117 3.29008
2.54463 4.0069
2.52237 4.7487
2.49744 5.5001
2.47639 6.24474
2.46606 7.01722
2.46044 7.81239
2.4537 8.58216
2.46359 9.36304
2.47988 10.1678
2.52066 10.9445
3.17191 -11.0573
3.14126 -10.2219
3.13564 -9.38081
3.13764 -8.58439
3.15146 -7.80833
3.16803 -7.00453
3.19813 -6.22631
3.21084 -5.49131
3.19797 -4.73665
3.21326 -3.97557
3.26048 -3.26076
3.2898 -2.56134
3.28456 -1.82095
3.2839 -1.06472
3.29609 -0.345966
3.29581 0.345755
3.28353 1.06453
3.28463 1.82085
3.29009 2.56125
3.26029 3.26024
3.21274 3.97465
3.19813 4.73637
3.21202 5.49217
3.19902 6.22679
3.16731 7.00386
3.14973 7.80738
3.13691 8.5847
3.13753 9.3822
3.14375 10.2222
3.17299 11.0563
3.77672 -11.1775
3.77203 -10.2731
3.77861 -9.39089
3.78924 -8.58198
3.81827 -7.79214
3.84892 -6.96782
3.89952 -6.1917
3.93315 -5.49071
3.92748 -4.73986
3.93708 -3.9374
3.97523 -3.21353
4.00709 -2.54534
4.01354 -1.82637
4.01433 -1.05705
4.02263 -0.337789
4.02255 0.337252
4.01439 1.05729
4.01392 1.82676
4.0072 2.54491
3.97498 3.21269
3.93736 3.93707
3.92822 4.74021
3.93268 5.49075
3.8972 6.19069
3.84602 6.96702
3.81748 7.79334
3.79124 8.58464
3.78132 9.39221
3.77288 10.2713
3.77631 11.1752
4.33857 -11.2879
4.37582 -10.3043
4.40822 -9.37748
4.44209 -8.55287
4.49771 -7.75947
4.53826 -6.93009
4.5951 -6.15314
4.66231 -5.45513
4.71785 -4.71819
4.73955 -3.92779
4.73637 -3.19822
4.74945 -2.52346
4.77688 -1.81485
4.78598 -1.05753
4.77944 -0.338783
4.77969 0.338342
4.78644 1.05805
4.77704 1.81501
4.74906 2.52262
4.73627 3.19776
4.74004 3.92796
4.7172 4.71734
4.66024 5.45392
4.59354 6.15279
4.53831 6.93158
4.49889 7.7621
4.44196 8.55456
4.40623 9.37698
4.3727 10.3028
4.33585 11.289
4.87155 -11.3638
4.95423 -10.309
5.02306 -9.35116
5.09801 -8.50333
5.1945 -7.71202
5.26746 -6.88674
5.32315 -6.10435
5.38466 -5.38492
5.4549 -4.66264
5.49052 -3.93345
5.49115 -3.21109
5.50033 -2.4979
5.52959 -1.78816
5.53958 -1.0675
5.52739 -0.351099
5.52775 0.351134
5.53998 1.06771
5.52935 1.78746
5.49984 2.49704
5.4915 3.21139
5.4907 3.93308
5.45439 4.66068
5.38447 5.38392
5.32481 6.10519
5.26811 6.88788
5.19184 7.71142
5.09284 8.50425
5.02038 9.35292
4.95905 10.3084
4.87602 11.3615
5.38983 -11.3799
5.50936 -10.2895
5.61335 -9.30355
5.73534 -8.43844
5.86736 -7.62869
5.97371 -6.80344
6.04762 -6.0478
6.10418 -5.32339
6.15302 -4.59539
6.19159 -3.89983
6.22619 -3.19839
6.24411 -2.4755
6.25514 -1.76819
6.26139 -1.0704
6.26355 -0.358725
6.26377 0.35921
6.26146 1.0699
6.25478 1.76676
6.24399 2.47533
6.22709 3.19939
6.19187 3.89856
6.15345 4.59344
6.10495 5.32387
6.04732 6.04764
5.96835 6.80115
5.86093 7.62808
5.73264 8.44345
5.62457 9.31275
5.52714 10.2901
5.39973 11.3684
5.92147 -11.3031
6.06662 -10.2032
6.21987 -9.20313
6.38276 -8.32575
6.54132 -7.48701
6.68015 -6.68029
6.80332 -5.9739
6.88663 -5.26767
6.92999 -4.5385
6.96773 -3.84922
7.00446 -3.16829
7.01646 -2.46479
7.01664 -1.75942
7.0269 -1.0559
7.0435 -0.352734
7.0435 0.353324
7.02673 1.05489
7.0166 1.75794
7.01723 2.46563
7.0057 3.16923
6.96806 3.84674
6.93051 4.53599
6.88812 5.26824
6.80176 5.96933
6.67403 6.67602
6.5348 7.49304
6.38188 8.3387
6.22549 9.20846
6.07914 10.1978
5.92123 11.2905
6.47947 -11.0688
6.63963 -10.0134
6.86544 -9.0193
7.06165 -8.10335
7.28271 -7.28281
7.48691 -6.54148
7.62862 -5.86756
7.71197 -5.19471
7.75942 -4.49793
7.79211 -3.81853
7.80834 -3.1517
7.81228 -2.46016
7.81575 -1.75301
7.82011 -1.04587
7.82242 -0.348944
7.82226 0.349339
7.81992 1.04496
7.81636 1.7524
7.81378 2.46178
7.8094 3.15173
7.79239 3.81474
7.7608 4.49559
7.71463 5.19345
7.62881 5.85666
7.48464 6.53215
7.2667 7.27817
7.04789 8.12675
6.87317 9.03951
6.66299 9.99056
6.46565 11.0449
6.99247 -10.6647
7.24382 -9.62315
7.52867 -8.65772
7.77937 -7.77943
8.10331 -7.06177
8.32572 -6.38292
8.43844 -5.73552
8.50335 -5.0982
8.55292 -4.44231
8.58205 -3.78947
8.58447 -3.13785
8.58258 -2.45476
8.58077 -1.7538
8.56969 -1.05489
8.55509 -0.354162
8.55489 0.354269
8.5695 1.05455
8.58125 1.75442
8.58343 2.45667
8.58502 3.137
8.58357 3.78713
8.55878 4.44466
8.51058 5.09454
8.44686 5.71659
8.33535 6.36298
8.10017 7.05107
7.74083 7.75425
7.52827 8.69689
7.29391 9.59675
6.99286 10.6168
7.51674 -10.2263
7.89099 -9.15806
8.25012 -8.25015
8.65771 -7.52875
9.01933 -6.86557
9.20319 -6.22001
9.30365 -5.6135
9.35128 -5.02323
9.37765 -4.40842
9.39108 -3.77881
9.38101 -3.13584
9.36318 -2.46457
9.34475 -1.77306
9.3265 -1.07171
9.3143 -0.35955
9.3141 0.359298
9.32613 1.07168
9.34441 1.77414
9.36275 2.46659
9.38158 3.1362
9.3946 3.78188
9.3845 4.41657
9.3641 5.02232
9.3225 5.59983
9.24476 6.20789
9.06087 6.8526
8.60976 7.44682
8.14506 8.20016
7.95357 9.21284
7.59691 10.2138
8.14368 -9.73374
8.64259 -8.64261
9.15806 -7.89104
9.62318 -7.2439
10.0134 -6.63973
10.2033 -6.06673
10.2897 -5.50946
10.3091 -4.95435
10.3045 -4.37595
10.2734 -3.77218
10.2222 -3.14143
10.1676 -2.48005
10.1201 -1.79351
10.0838 -1.08607
10.0628 -0.364056
10.0625 0.363309
10.0829 1.08578
10.1185 1.79426
10.1654 2.48239
10.2212 3.14436
10.2749 3.78046
10.3084 4.39069
10.3187 4.96933
10.3102 5.51895
10.2401 6.11464
10.0595 6.6929
9.63107 7.20263
9.14711 7.66719
8.49034 8.8148
8.28773 9.77066
9.03405 -9.03405
9.73375 -8.14371
10.2263 -7.51679
10.6647 -6.99252
11.0689 -6.47952
11.3031 -5.92152
11.3799 -5.3899
11.364 -4.87161
11.2881 -4.33864
11.1777 -3.77681
11.0577 -3.17203
10.9441 -2.52068
10.853 -1.83052
10.7921 -1.10991
10.7602 -0.372059
10.7599 0.370633
10.7908 1.10892
10.8504 1.83055
10.9399 2.52323
11.0521 3.17756
11.1706 3.78874
11.2785 4.36011
11.3545 4.89921
11.3727 5.41275
11.2884 5.97803
11.0513 6.56138
10.6559 7.09613
10.2353 7.58333
9.09997 8.54732
9.49467 8.41203
