-10.875 -10.875
-10.875 -10.125
-10.875 -9.375
-10.875 -8.625
-10.875 -7.875
-10.875 -7.125
-10.875 -6.375
-10.875 -5.625
-10.875 -4.875
-10.875 -4.125
-10.875 -3.375
-10.875 -2.625
-10.875 -1.875
-10.875 -1.125
-10.875 -0.375
-10.875 0.375
-10.875 1.125
-10.875 1.875
-10.875 2.625
-10.875 3.375
-10.875 4.125
-10.875 4.875
-10.875 5.625
-10.875 6.375
-10.875 7.125
-10.875 7.875
-10.875 8.625
-10.875 9.375
-10.875 10.125
-10.875 10.875
-10.125 -10.875
-10.125 -10.125
-10.125 -9.375
-10.125 -8.625
-10.125 -7.875
-10.125 -7.125
-10.125 -6.375
-10.125 -5.625
-10.125 -4.875
-10.125 -4.125
-10.125 -3.375
-10.125 -2.625
-10.125 -1.875
-10.125 -1.125
-10.125 -0.375
-10.125 0.375
-10.125 1.125
-10.125 1.875
-10.125 2.625
-10.125 3.375
-10.125 4.125
-10.125 4.875
-10.125 5.625
-10.125 6.375
-10.125 7.125
-10.125 7.875
-10.125 8.625
-10.125 9.375
-10.125 10.125
-10.125 10.875
-9.375 -10.875
-9.375 -10.125
-9.375 -9.375
-9.375 -8.625
-9.375 -7.875
-9.375 -7.125
-9.375 -6.375
-9.375 -5.625
-9.375 -4.875
-9.375 -4.125
-9.375 -3.375
-9.375 -2.625
-9.375 -1.875
-9.375 -1.125
-9.375 -0.375
-9.375 0.375
-9.375 1.125
-9.375 1.875
-9.375 2.625
-9.375 3.375
-9.375 4.125
-9.375 4.875
-9.375 5.625
-9.375 6.375
-9.375 7.125
-9.375 7.875
-9.375 8.625
-9.375 9.375
-9.375 10.125
-9.375 10.875
-8.625 -10.875
-8.625 -10.125
-8.625 -9.375
-8.625 -8.625
-8.625 -7.875
-8.625 -7.125
-8.625 -6.375
-8.625 -5.625
-8.625 -4.875
-8.625 -4.125
-8.625 -3.375
-8.625 -2.625
-8.625 -1.875
-8.625 -1.125
-8.625 -0.375
-8.625 0.375
-8.625 1.125
-8.625 1.875
-8.625 2.625
-8.625 3.375
-8.625 4.125
-8.625 4.875
-8.625 5.625
-8.625 6.375
-8.625 7.125
-8.625 7.875
-8.625 8.625
-8.625 9.375
-8.625 10.125
-8.625 10.875
-7.875 -10.875
-7.875 -10.125
-7.875 -9.375
-7.875 -8.625
-7.875 -7.875
-7.875 -7.125
-7.875 -6.375
-7.875 -5.625
-7.875 -4.875
-7.875 -4.125
-7.875 -3.375
-7.875 -2.625
-7.875 -1.875
-7.875 -1.125
-7.875 -0.375
-7.875 0.375
-7.875 1.125
-7.875 1.875
-7.875 2.625
-7.875 3.375
-7.875 4.125
-7.875 4.875
-7.875 5.625
-7.875 6.375
-7.875 7.125
-7.875 7.875
-7.875 8.625
-7.875 9.375
-7.875 10.125
-7.875 10.875
-7.125 -10.875
-7.125 -10.125
-7.125 -9.375
-7.125 -8.625
-7.125 -7.875
-7.125 -7.125
-7.125 -6.375
-7.125 -5.625
-7.125 -4.875
-7.125 -4.125
-7.125 -3.375
-7.125 -2.625
-7.125 -1.875
-7.125 -1.125
-7.125 -0.375
-7.125 0.375
-7.125 1.125
-7.125 1.875
-7.125 2.625
-7.125 3.375
-7.125 4.125
-7.125 4.875
-7.125 5.625
-7.125 6.375
-7.125 7.125
-7.125 7.875
-7.125 8.625
-7.125 9.375
-7.125 10.125
-7.125 10.875
-6.375 -10.875
-6.375 -10.125
-6.375 -9.375
-6.375 -8.625
-6.375 -7.875
-6.375 -7.125
-6.375 -6.375
-6.375 -5.625
-6.375 -4.875
-6.375 -4.125
-6.375 -3.375
-6.375 -2.625
-6.375 -1.875
-6.375 -1.125
-6.375 -0.375
-6.375 0.375
-6.375 1.125
-6.375 1.875
-6.375 2.625
-6.375 3.375
-6.375 4.125
-6.375 4.875
-6.375 5.625
-6.375 6.375
-6.375 7.125
-6.375 7.875
-6.375 8.625
-6.375 9.375
-6.375 10.125
-6.375 10.875
-5.625 -10.875
-5.625 -10.125
-5.625 -9.375
-5.625 -8.625
-5.625 -7.875
-5.625 -7.125
-5.625 -6.375
-5.625 -5.625
-5.625 -4.875
-5.625 -4.125
-5.625 -3.375
-5.625 -2.625
-5.625 -1.875
-5.625 -1.125
-5.625 -0.375
-5.625 0.375
-5.625 1.125
-5.625 1.875
-5.625 2.625
-5.625 3.375
-5.625 4.125
-5.625 4.875
-5.625 5.625
-5.625 6.375
-5.625 7.125
-5.625 7.875
-5.625 8.625
-5.625 9.375
-5.625 10.125
-5.625 10.875
-4.875 -10.875
-4.875 -10.125
-4.875 -9.375
-4.875 -8.625
-4.875 -7.875
-4.875 -7.125
-4.875 -6.375
-4.875 -5.625
-4.875 -4.875
-4.875 -4.125
-4.875 -3.375
-4.875 -2.625
-4.875 -1.875
-4.875 -1.125
-4.875 -0.375
-4.875 0.375
-4.875 1.125
-4.875 1.875
-4.875 2.625
-4.875 3.375
-4.875 4.125
-4.875 4.875
-4.875 5.625
-4.875 6.375
-4.875 7.125
-4.875 7.875
-4.875 8.625
-4.875 9.375
-4.875 10.125
-4.875 10.875
-4.125 -10.875
-4.125 -10.125
-4.125 -9.375
-4.125 -8.625
-4.125 -7.875
-4.125 -7.125
-4.125 -6.375
-4.125 -5.625
-4.125 -4.875
-4.125 -4.125
-4.125 -3.375
-4.125 -2.625
-4.125 -1.875
-4.125 -1.125
-4.125 -0.375
-4.125 0.375
-4.125 1.125
-4.125 1.875
-4.125 2.625
-4.125 3.375
-4.125 4.125
-4.125 4.875
-4.125 5.625
-4.125 6.375
-4.125 7.125
-4.125 7.875
-4.125 8.625
-4.125 9.375
-4.125 10.125
-4.125 10.875
-3.375 -10.875
-3.375 -10.125
-3.375 -9.375
-3.375 -8.625
-3.375 -7.875
-3.375 -7.125
-3.375 -6.375
-3.375 -5.625
-3.375 -4.875
-3.375 -4.125
-3.375 -3.375
-3.375 -2.625
-3.375 -1.875
-3.375 -1.125
-3.375 -0.375
-3.375 0.375
-3.375 1.125
-3.375 1.875
-3.375 2.625
-3.375 3.375
-3.375 4.125
-3.375 4.875
-3.375 5.625
-3.375 6.375
-3.375 7.125
-3.375 7.875
-3.375 8.625
-3.375 9.375
-3.375 10.125
-3.375 10.875
-2.625 -10.875
-2.625 -10.125
-2.625 -9.375
-2.625 -8.625
-2.625 -7.875
-2.625 -7.125
-2.625 -6.375
-2.625 -5.625
-2.625 -4.875
-2.625 -4.125
-2.625 -3.375
-2.625 -2.625
-2.625 -1.875
-2.625 -1.125
-2.625 -0.375
-2.625 0.375
-2.625 1.125
-2.625 1.875
-2.625 2.625
-2.625 3.375
-2.625 4.125
-2.625 4.875
-2.625 5.625
-2.625 6.375
-2.625 7.125
-2.625 7.875
-2.625 8.625
-2.625 9.375
-2.625 10.125
-2.625 10.875
-1.875 -10.875
-1.875 -10.125
-1.875 -9.375
-1.875 -8.625
-1.875 -7.875
-1.875 -7.125
-1.875 -6.375
-1.875 -5.625
-1.875 -4.875
-1.875 -4.125
-1.875 -3.375
-1.875 -2.625
-1.875 -1.875
-1.875 -1.125
-1.875 -0.375
-1.875 0.375
-1.875 1.125
-1.875 1.875
-1.875 2.625
-1.875 3.375
-1.875 4.125
-1.875 4.875
-1.875 5.625
-1.875 6.375
-1.875 7.125
-1.875 7.875
-1.875 8.625
-1.875 9.375
-1.875 10.125
-1.875 10.875
-1.125 -10.875
-1.125 -10.125
-1.125 -9.375
-1.125 -8.625
-1.125 -7.875
-1.125 -7.125
-1.125 -6.375
-1.125 -5.625
-1.125 -4.875
-1.125 -4.125
-1.125 -3.375
-1.125 -2.625
-1.125 -1.875
-1.125 -1.125
-1.125 -0.375
-1.125 0.375
-1.125 1.125
-1.125 1.875
-1.125 2.625
-1.125 3.375
-1.125 4.125
-1.125 4.875
-1.125 5.625
-1.125 6.375
-1.125 7.125
-1.125 7.875
-1.125 8.625
-1.125 9.375
-1.125 10.125
-1.125 10.875
-0.375 -10.875
-0.375 -10.125
-0.375 -9.375
-0.375 -8.625
-0.375 -7.875
-0.375 -7.125
-0.375 -6.375
-0.375 -5.625
-0.375 -4.875
-0.375 -4.125
-0.375 -3.375
-0.375 -2.625
-0.375 -1.875
-0.375 -1.125
-0.375 -0.375
-0.375 0.375
-0.375 1.125
-0.375 1.875
-0.375 2.625
-0.375 3.375
-0.375 4.125
-0.375 4.875
-0.375 5.625
-0.375 6.375
-0.375 7.125
-0.375 7.875
-0.375 8.625
-0.375 9.375
-0.375 10.125
-0.375 10.875
0.375 -10.875
0.375 -10.125
0.375 -9.375
0.375 -8.625
0.375 -7.875
0.375 -7.125
0.375 -6.375
0.375 -5.625
0.375 -4.875
0.375 -4.125
0.375 -3.375
0.375 -2.625
0.375 -1.875
0.375 -1.125
0.375 -0.375
0.375 0.375
0.375 1.125
0.375 1.875
0.375 2.625
0.375 3.375
0.375 4.125
0.375 4.875
0.375 5.625
0.375 6.375
0.375 7.125
0.375 7.875
0.375 8.625
0.375 9.375
0.375 10.125
0.375 10.875
1.125 -10.875
1.125 -10.125
1.125 -9.375
1.125 -8.625
1.125 -7.875
1.125 -7.125
1.125 -6.375
1.125 -5.625
1.125 -4.875
1.125 -4.125
1.125 -3.375
1.125 -2.625
1.125 -1.875
1.125 -1.125
1.125 -0.375
1.125 0.375
1.125 1.125
1.125 1.875
1.125 2.625
1.125 3.375
1.125 4.125
1.125 4.875
1.125 5.625
1.125 6.375
1.125 7.125
1.125 7.875
1.125 8.625
1.125 9.375
1.125 10.125
1.125 10.875
1.875 -10.875
1.875 -10.125
1.875 -9.375
1.875 -8.625
1.875 -7.875
1.875 -7.125
1.875 -6.375
1.875 -5.625
1.875 -4.875
1.875 -4.125
1.875 -3.375
1.875 -2.625
1.875 -1.875
1.875 -1.125
1.875 -0.375
1.875 0.375
1.875 1.125
1.875 1.875
1.875 2.625
1.875 3.375
1.875 4.125
1.875 4.875
1.875 5.625
1.875 6.375
1.875 7.125
1.875 7.875
1.875 8.625
1.875 9.375
1.875 10.125
1.875 10.875
2.625 -10.875
2.625 -10.125
2.625 -9.375
2.625 -8.625
2.625 -7.875
2.625 -7.125
2.625 -6.375
2.625 -5.625
2.625 -4.875
2.625 -4.125
2.625 -3.375
2.625 -2.625
2.625 -1.875
2.625 -1.125
2.625 -0.375
2.625 0.375
2.625 1.125
2.625 1.875
2.625 2.625
2.625 3.375
2.625 4.125
2.625 4.875
2.625 5.625
2.625 6.375
2.625 7.125
2.625 7.875
2.625 8.625
2.625 9.375
2.625 10.125
2.625 10.875
3.375 -10.875
3.375 -10.125
3.375 -9.375
3.375 -8.625
3.375 -7.875
3.375 -7.125
3.375 -6.375
3.375 -5.625
3.375 -4.875
3.375 -4.125
3.375 -3.375
3.375 -2.625
3.375 -1.875
3.375 -1.125
3.375 -0.375
3.375 0.375
3.375 1.125
3.375 1.875
3.375 2.625
3.375 3.375
3.375 4.125
3.375 4.875
3.375 5.625
3.375 6.375
3.375 7.125
3.375 7.875
3.375 8.625
3.375 9.375
3.375 10.125
3.375 10.875
4.125 -10.875
4.125 -10.125
4.125 -9.375
4.125 -8.625
4.125 -7.875
4.125 -7.125
4.125 -6.375
4.125 -5.625
4.125 -4.875
4.125 -4.125
4.125 -3.375
4.125 -2.625
4.125 -1.875
4.125 -1.125
4.125 -0.375
4.125 0.375
4.125 1.125
4.125 1.875
4.125 2.625
4.125 3.375
4.125 4.125
4.125 4.875
4.125 5.625
4.125 6.375
4.125 7.125
4.125 7.875
4.125 8.625
4.125 9.375
4.125 10.125
4.125 10.875
4.875 -10.875
4.875 -10.125
4.875 -9.375
4.875 -8.625
4.875 -7.875
4.875 -7.125
4.875 -6.375
4.875 -5.625
4.875 -4.875
4.875 -4.125
4.875 -3.375
4.875 -2.625
4.875 -1.875
4.875 -1.125
4.875 -0.375
4.875 0.375
4.875 1.125
4.875 1.875
4.875 2.625
4.875 3.375
4.875 4.125
4.875 4.875
4.875 5.625
4.875 6.375
4.875 7.125
4.875 7.875
4.875 8.625
4.875 9.375
4.875 10.125
4.875 10.875
5.625 -10.875
5.625 -10.125
5.625 -9.375
5.625 -8.625
5.625 -7.875
5.625 -7.125
5.625 -6.375
5.625 -5.625
5.625 -4.875
5.625 -4.125
5.625 -3.375
5.625 -2.625
5.625 -1.875
5.625 -1.125
5.625 -0.375
5.625 0.375
5.625 1.125
5.625 1.875
5.625 2.625
5.625 3.375
5.625 4.125
5.625 4.875
5.625 5.625
5.625 6.375
5.625 7.125
5.625 7.875
5.625 8.625
5.625 9.375
5.625 10.125
5.625 10.875
6.375 -10.875
6.375 -10.125
6.375 -9.375
6.375 -8.625
6.375 -7.875
6.375 -7.125
6.375 -6.375
6.375 -5.625
6.375 -4.875
6.375 -4.125
6.375 -3.375
6.375 -2.625
6.375 -1.875
6.375 -1.125
6.375 -0.375
6.375 0.375
6.375 1.125
6.375 1.875
6.375 2.625
6.375 3.375
6.375 4.125
6.375 4.875
6.375 5.625
6.375 6.375
6.375 7.125
6.375 7.875
6.375 8.625
6.375 9.375
6.375 10.125
6.375 10.875
7.125 -10.875
7.125 -10.125
7.125 -9.375
7.125 -8.625
7.125 -7.875
7.125 -7.125
7.125 -6.375
7.125 -5.625
7.125 -4.875
7.125 -4.125
7.125 -3.375
7.125 -2.625
7.125 -1.875
7.125 -1.125
7.125 -0.375
7.125 0.375
7.125 1.125
7.125 1.875
7.125 2.625
7.125 3.375
7.125 4.125
7.125 4.875
7.125 5.625
7.125 6.375
7.125 7.125
7.125 7.875
7.125 8.625
7.125 9.375
7.125 10.125
7.125 10.875
7.875 -10.875
7.875 -10.125
7.875 -9.375
7.875 -8.625
7.875 -7.875
7.875 -7.125
7.875 -6.375
7.875 -5.625
7.875 -4.875
7.875 -4.125
7.875 -3.375
7.875 -2.625
7.875 -1.875
7.875 -1.125
7.875 -0.375
7.875 0.375
7.875 1.125
7.875 1.875
7.875 2.625
7.875 3.375
7.875 4.125
7.875 4.875
7.875 5.625
7.875 6.375
7.875 7.125
7.875 7.875
7.875 8.625
7.875 9.375
7.875 10.125
7.875 10.875
8.625 -10.875
8.625 -10.125
8.625 -9.375
8.625 -8.625
8.625 -7.875
8.625 -7.125
8.625 -6.375
8.625 -5.625
8.625 -4.875
8.625 -4.125
8.625 -3.375
8.625 -2.625
8.625 -1.875
8.625 -1.125
8.625 -0.375
8.625 0.375
8.625 1.125
8.625 1.875
8.625 2.625
8.625 3.375
8.625 4.125
8.625 4.875
8.625 5.625
8.625 6.375
8.625 7.125
8.625 7.875
8.625 8.625
8.625 9.375
8.625 10.125
8.625 10.875
9.375 -10.875
9.375 -10.125
9.375 -9.375
9.375 -8.625
9.375 -7.875
9.375 -7.125
9.375 -6.375
9.375 -5.625
9.375 -4.875
9.375 -4.125
9.375 -3.375
9.375 -2.625
9.375 -1.875
9.375 -1.125
9.375 -0.375
9.375 0.375
9.375 1.125
9.375 1.875
9.375 2.625
9.375 3.375
9.375 4.125
9.375 4.875
9.375 5.625
9.375 6.375
9.375 7.125
9.375 7.875
9.375 8.625
9.375 9.375
9.375 10.125
9.375 10.875
10.125 -10.875
10.125 -10.125
10.125 -9.375
10.125 -8.625
10.125 -7.875
10.125 -7.125
10.125 -6.375
10.125 -5.625
10.125 -4.875
10.125 -4.125
10.125 -3.375
10.125 -2.625
10.125 -1.875
10.125 -1.125
10.125 -0.375
10.125 0.375
10.125 1.125
10.125 1.875
10.125 2.625
10.125 3.375
10.125 4.125
10.125 4.875
10.125 5.625
10.125 6.375
10.125 7.125
10.125 7.875
10.125 8.625
10.125 9.375
10.125 10.125
10.125 10.875
10.875 -10.875
10.875 -10.125
10.875 -9.375
10.875 -8.625
10.875 -7.875
10.875 -7.125
10.875 -6.375
10.875 -5.625
10.875 -4.875
10.875 -4.125
10.875 -3.375
10.875 -2.625
10.875 -1.875
10.875 -1.125
10.875 -0.375
10.875 0.375
10.875 1.125
10.875 1.875
10.875 2.625
10.875 3.375
10.875 4.125
10.875 4.875
10.875 5.625
10.875 6.375
10.875 7.125
10.875 7.875
10.875 8.625
10.875 9.375
10.875 10.125
10.875 10.875
